1110000000000000   
1110000010100101   
1110000101001011   
1110000111110000   
1110001010010110   
1110001100111011   
1110001111100001   
1110010010000110   
1110010100101100   
1110010111010001   
1110011001110111   
1110011100011100   
1110011111000010   
1110100001100111   
1110100100001101   
1110100110110010   
1110101001011000   
1110101011111101   
1110101110100011   
1110110001001000   
1110110011101110   
1110110110010011   
1110111000111001   
1110111011011110   
1110111110000100   
1111000000101001   
1111000011001111   
1111000101110100   
1111001000011010   
1111001010111111   
1111001101100101   
1111010000001010   
1111010010110000   
1111010101010101   
1111010111111011   
1111011010100000   
1111011101000110   
1111011111101011   
1111100010010001   
1111100100110110   
1111100111011100   
1111101010000001   
1111101100100111   
1111101111001100   
1111110001110010   
1111110100010111   
1111110110111101   
1111111001100010   
1111111100001000   
1111111110101101   
0000000001010011   
0000000011111000   
0000000110011110   
0000001001000011   
0000001011101001   
0000001110001110   
0000010000110100   
0000010011011001   
0000010101111111   
0000011000100100   
0000011011001010   
0000011101101111   
0000100000010101   
0000100010111010   
0000100101100000   
0000101000000101   
0000101010101011   
0000101101010000   
0000101111110110   
0000110010011011   
0000110101000001   
0000110111100110   
0000111010001100   
0000111100110001   
0000111111010111   
0001000001111100   
0001000100100010   
0001000111000111   
0001001001101101   
0001001100010010   
0001001110111000   
0001010001011101   
0001010100000011   
0001010110101000   
0001011001001110   
0001011011110011   
0001011110011001   
0001100000111110   
0001100011100100   
0001100110001001   
0001101000101111   
0001101011010100   
0001101101111010   
0001110000011111   
0001110011000101   
0001110101101010   
0001111000010000   
0001111010110101   
0001111101011011   
0010000000000000
