0111000011011111
0111000010110000
0111000010000001
0111000001010010
0111000000100011
0110111111110101
0110111111000110
0110111110010111
0110111101101000
0110111100111010
0110111100001011
0110111011011100
0110111010101101
0110111001111111
0110111001010000
0110111000100001
0110110111110010
0110110111000100
0110110110010101
0110110101100110
0110110100110111
0110110100001000
0110110011011001
0110110010101011
0110110001111100
0110110001001101
0110110000011110
0110101111110000
0110101111000001
0110101110010010
0110101101100011
0110101100110101
0110101100000110
0110101011011000
0110101010101101
0110101010000100
0110101001011110
0110101000111011
0110101000011010
0110100111111011
0110100111100000
0110100111000111
0110100110110001
0110100110011110
0110100110001110
0110100110000000
0110100101110101
0110100101101101
0110100101100111
0110100101100101
0110100101100101
0110100101100111
0110100101101101
0110100101110101
0110100110000000
0110100110001110
0110100110011111
0110100110110010
0110100111000111
0110100111100000
0110100111111100
0110101000011010
0110101000111010
0110101001011110
0110101010000100
0110101010101101
0110101011011000
0110101100000110
0110101100110111
0110101101101011
0110101110100001
0110101111011001
0110110000010100
0110110001010010
0110110010010010
0110110011010101
0110110100011011
0110110101100010
0110110110101100
0110110111111001
0110111001001000
0110111010011001
0110111011101101
0110111101000011
0110111110011100
0110111111110110
0111000001010100
0111000010110011
0111000100010101
0111000101111001
0111000111011111
0111001001000111
0111001010110010
0111001100011110
0111001110001101
0111001111111101
0111010001110001
0111010011100101
0111010101011100
