0110111110010001
0110111110010001
0110111110010001
0110111110010001
0110111110010001
0110111110010001
0110111110010001
0110111110010001
0110111110010001
0110111110010001
0110111110010001
0110111110010001
0110111110010001
0110111110010001
0110111110010001
0110111110010001
0110111110010001
0110111110010001
0110111110010001
0110111110010001
0110111110010001
0110111110010001
0110111110010001
0110111110010001
0110111110010001
0110111110010001
0110111110010001
0110111110010001
0110111110010001
0110111110010001
0110111110010001
0110111110010001
0110111110010001
0110111100011011
0110111001111001
0110110111010111
0110110100110101
0110110010010011
0110101111101111
0110101101001011
0110101010100111
0110101000000011
0110100101011111
0110100010111001
0110100000010101
0110011101101111
0110011011001011
0110011000100101
0110010101111111
0110010011011011
0110010000110101
0110001110001111
0110001011101001
0110001001000101
0110000110011111
0110000011111001
0110000001010101
0101111110110001
0101111100001101
0101111001101001
0101110111000101
0101110100100011
0101110001111111
0101101111011101
0101101100111001
0101101010011001
0101100111110111
0101100101010111
0101100010110101
0101100000010111
0101011101110111
0101011011011001
0101011000111011
0101010110011101
0101010100000001
0101010001100101
0101001111001011
0101001100110001
0101001010010111
0101000111111111
0101000101100111
0101000011010001
0101000000111011
0100111110100101
0100111100010001
0100111001111111
0100110111101011
0100110101011011
0100110011001011
0100110000111011
0100101110101101
0100101100011111
0100101010010011
0100101000001001
0100100101111101
0100100011110101
0100100001101101
0100011111100101
0100011101011111
