0000000000001100
0000001000010100
0000010000011010
0000011000100010
0000100000100111
0000101000101000
0000110000101000
0000111000100101
0001000000011101
0001001000010001
0001010000000010
0001010111101100
0001011111010001
0001100110110000
0001101110001000
0001110101011010
0001111100100100
0010000011100100
0010001010100000
0010010001010001
0010010111110111
0010011110010101
0010100100101000
0010101010110000
0010110000101101
0010110110100000
0010111100000110
0011000001100001
0011000110101110
0011001011101111
0011010000100011
0011010101001001
0011011001100011
0011011101101110
0011100001101010
0011100101011000
0011101000110111
0011101100000111
0011101111001000
0011110001111010
0011110100011100
0011110110101110
0011111000110000
0011111010100011
0011111100000101
0011111101010111
0011111110011000
0011111111001010
0011111111101011
0011111111111100
0011111111111100
0011111111101011
0011111111001010
0011111110011000
0011111101010111
0011111100000101
0011111010100011
0011111000110000
0011110110101110
0011110100011011
0011110001111001
0011101111001000
0011101100000111
0011101000110111
0011100101011000
0011100001101010
0011011101101110
0011011001100011
0011010101001001
0011010000100011
0011001011101111
0011000110101101
0011000001100000
0010111100000110
0010110110011111
0010110000101100
0010101010101111
0010100100100111
0010011110010100
0010010111110110
0010010001010000
0010001010011111
0010000011100100
0001111100100011
0001110101011001
0001101110000111
0001100110101111
0001011111010000
0001010111101011
0001010000000001
0001001000010001
0001000000011100
0000111000100100
0000110000100111
0000101000100111
0000100000100110
0000011000100001
0000010000011001
0000001000010011
