0011111111111110
0011111111110101
0011111111011100
0011111110110010
0011111101111000
0011111100101110
0011111011010011
0011111001101000
0011110111101110
0011110101100011
0011110011001000
0011110000011110
0011101101100101
0011101010011011
0011100111000011
0011100011011100
0011011111100111
0011011011100011
0011010111010000
0011010010110000
0011001110000011
0011001001001000
0011000100000000
0010111110101100
0010111001001011
0010110011011110
0010101101100110
0010100111100010
0010100001010101
0010011010111100
0010010100011001
0010001101101110
0010000110110111
0001111111111001
0001111000110011
0001110001100101
0001101010010000
0001100010110101
0001011011010010
0001010011101001
0001001011111101
0001000100001010
0000111100010011
0000110100011001
0000101100011011
0000100100011001
0000011100010111
0000010100010001
0000001100001000
0000000100000010
1111111011111100
1111110011110110
1111101011101101
1111100011100111
1111011011100101
1111010011100011
1111001011100101
1111000011101011
1110111011110100
1110110100000001
1110101100010101
1110100100101100
1110011101001010
1110010101101110
1110001110011001
1110000111001011
1110000000000110
1101111001001000
1101110010010000
1101101011100101
1101100101000010
1101011110101010
1101011000011100
1101010010011001
1101001100100000
1101000110110011
1101000001010011
1100111011111111
1100110110110111
1100110001111100
1100101101001111
1100101000101111
1100100100011011
1100100000010111
1100011100100010
1100011000111011
1100010101100011
1100010010011010
1100001111100001
1100001100110110
1100001010011100
1100001000010001
1100000110010111
1100000100101100
1100000011010001
1100000010000111
1100000001001101
1100000000100011
1100000000001010
