1001101110000101   
1001110110001101
1001111110010100
1010000110011100
1010001110100100
1010010110101011
1010011110110011
1010100110111011
1010101111000010  
1010110111001010  
1010111111010010  
1011000111011001 
1011001111100001 
1011010111101001 
1011011111110000  
1011100111111000  
1011110000000000  
1011111000000111  
1100000000001111  
1100001000010111  
1100010000011110  
1100011000100110  
1100100000101110  
1100101000110101  
1100110000111101 
1100111001000100 
1101000001001100 
1101001001010100  
1101010001011011 
1101011001100011 
1101100001101011  
1101101001110010  
1101110001111010  
1101111010000010  
1110000010001001 
1110001010010001 
1110010010011001 
1110011010100000 
1110100010101000  
1110101010110000  
1110110010110111  
1110111010111111 
1111000011000111  
1111001011001110 
1111010011010110  
1111011011011110  
1111100011100101 
1111101011101101 
1111110011110101  
1111111011111100 
0000000100000100  
0000001100001011  
0000010100010011  
0000011100011011 
0000100100100010 
0000101100101010 
0000110100110010  
0000111100111001 
0001000101000001 
0001001101001001 
0001010101010000  
0001011101011000 
0001100101100000 
0001101101100111  
0001110101101111  
0001111101110111  
0010000101111110 
0010001110000110  
0010010110001110 
0010011110010101 
0010100110011101 
0010101110100101 
0010110110101100 
0010111110110100 
0011000110111100 
0011001111000011 
0011010111001011 
0011011111010010 
0011100111011010  
0011101111100010  
0011110111101001 
0011111111110001 
0100000111111001 
0100010000000000 
0100011000001000 
0100100000010000 
0100101000010111 
0100110000011111  
0100111000100111 
0101000000101110 
0101001000110110 
0101010000111110 
0101011001000101 
0101100001001101 
0101101001010101 
0101110001011100 
0101111001100100 
0110000001101100 
0110001001110011 
0110010001111011
