001111111111111000000000000011000000000000000000
001111111111010100000010000101000000000000000000
001111111101110000000100000110101111111111111111
001111111011001000000110001000101111111111111111
001111110111100000001000001001111111111111111111
001111110010111000001010001010000000000000000000
001111101101001100001100001010000000000000000000
001111100110100000001110001001010000000000000000
001111011110111000010000000111011111111111111111
001111010110001100010010000100011111111111111111
001111001100100000010100000000101111111111111111
001111000001111000010101111011000000000000000000
001110110110010100010111110100010000000000000000
001110101001101100011001101100000000000000000000
001110011100001100011011100010001111111111111111
001110001101110000011101010110101111111111111111
001101111110011100011111001001001111111111111111
001101101110001100100000111001000000000000000000
001101011101000000100010101000000000000000000000
001101001011000000100100010100010000000000000000
001100111000001100100101111101111111111111111111
001100100100100000100111100101011111111111111111
001100010000000000101001001010001111111111111111
001011111010110000101010101100000000000000000000
001011100100101100101100001011010000000000000000
