000000000000000
000010110101000
000100000000000
000100111001100
000101101010000
000110010100110
000110111011011
000111011110111
001000000000000
001000011111000
001000111100011
001001011000011
001001110011001
001010001100101
001010100101010
001010111101001
001011010100001
001011101010011
001100000000000
001100010101000
001100101001100
001100111101100
001101010001000
001101100100001
001101110110110
001110001001001
001110011011000
001110101100101
001110111101111
001111001110111
001111011111100
001111101111111
010000000000000
010000001111111
010000011111100
010000101110111
010000111110001
010001001101001
010001011011111
010001101010100
010001111000111
010010000111001
010010010101001
010010100011000
010010110000110
010010111110011
010011001011110
010011011001000
010011100110001
010011110011001
010100000000000
010100001100110
010100011001011
010100100101111
010100110010010
010100111110100
010101001010101
010101010110101
010101100010101
010101101110011
010101111010001
010110000101110
010110010001011
010110011100110
010110101000001
010110110011011
010110111110101
010111001001110
010111010100110
010111011111101
010111101010100
010111110101010
011000000000000
011000001010101
011000010101001
011000011111101
011000101010001
011000110100100
011000111110110
011001001000111
011001010011001
011001011101001
011001100111010
011001110001001
011001111011001
011010000100111
011010001110110
011010011000011
011010100010001
011010101011110
011010110101010
011010111110111
011011001000010
011011010001101
011011011011000
011011100100011
011011101101101
011011110110111
011100000000000
011100001001001
011100010010010
011100011011010
011100100100010
011100101101001
011100110110000
011100111110111
011101000111110
011101010000100
011101011001010
011101100001111
011101101010100
011101110011001
011101111011110
011110000100010
011110001100110
011110010101010
011110011101101
011110100110000
011110101110011
011110110110110
011110111111000
011111000111010
011111001111011
011111010111101
011111011111110
011111100111111
011111101111111
011111111000000
100000000000000
100000001000000
100000010000000
100000010111111
100000011111110
100000100111101
100000101111100
100000110111010
100000111111000
100001000110110
100001001110100
100001010110001
100001011101111
100001100101100
100001101101001
100001110100101
100001111100010
100010000011110
100010001011010
100010010010110
100010011010010
100010100001101
100010101001000
100010110000011
100010110111110
100010111111001
100011000110011
100011001101101
100011010100111
100011011100001
100011100011011
100011101010101
100011110001110
100011111000111
100100000000000
100100000111001
100100001110001
100100010101010
100100011100010
100100100011010
100100101010010
100100110001010
100100111000010
100100111111001
100101000110000
100101001101000
100101010011110
100101011010101
100101100001100
100101101000010
100101101111001
100101110101111
100101111100101
100110000011011
100110001010001
100110010000110
100110010111100
100110011110001
100110100100110
100110101011011
100110110010000
100110111000101
100110111111001
100111000101110
100111001100010
100111010010110
100111011001010
100111011111110
100111100110010
100111101100110
100111110011001
100111111001101
101000000000000
101000000110011
101000001100110
101000010011001
101000011001100
101000011111110
101000100110001
101000101100011
101000110010110
101000111001000
101000111111010
101001000101100
101001001011101
101001010001111
101001011000001
101001011110010
101001100100011
101001101010101
101001110000110
101001110110111
101001111101000
101010000011000
101010001001001
101010001111010
101010010101010
101010011011010
101010100001011
101010100111011
101010101101011
101010110011011
101010111001010
101010111111010
101011000101010
101011001011001
101011010001001
101011010111000
101011011100111
101011100010110
101011101000101
101011101110100
101011110100011
101011111010001
101100000000000
101100000101110
101100001011101
101100010001011
101100010111001
101100011101000
101100100010110
101100101000011
101100101110001
101100110011111
101100111001101
101100111111010
101101000101000
101101001010101
101101010000010
101101010110000
101101011011101
101101100001010
101101100110111
101101101100100
101101110010000
101101110111101
101101111101010
101110000010110
101110001000011
101110001101111
101110010011011
101110011001000
101110011110100
101110100100000
101110101001100
101110101110111
101110110100011
101110111001111
101110111111011
101111000100110
101111001010010
101111001111101
101111010101000
101111011010011
101111011111111
101111100101010
101111101010101
101111110000000
101111110101011
101111111010101
110000000000000
110000000101011
110000001010101
110000010000000
110000010101010
110000011010100
110000011111111
110000100101001
110000101010011
110000101111101
110000110100111
110000111010001
110000111111011
110001000100101
110001001001110
110001001111000
110001010100001
110001011001011
110001011110100
110001100011110
110001101000111
110001101110000
110001110011001
110001111000010
110001111101100
110010000010100
110010000111101
110010001100110
110010010001111
110010010111000
110010011100000
110010100001001
110010100110001
110010101011010
110010110000010
110010110101011
110010111010011
110010111111011
110011000100011
110011001001011
110011001110011
110011010011011
110011011000011
110011011101011
110011100010011
110011100111010
110011101100010
110011110001010
110011110110001
110011111011001
110100000000000
110100000100111
110100001001111
110100001110110
110100010011101
110100011000100
110100011101011
110100100010010
110100100111001
110100101100000
110100110000111
110100110101110
110100111010100
110100111111011
110101000100010
110101001001000
110101001101111
110101010010101
110101010111100
110101011100010
110101100001000
110101100101111
110101101010101
110101101111011
110101110100001
110101111000111
110101111101101
110110000010011
110110000111001
110110001011111
110110010000100
110110010101010
110110011010000
110110011110101
110110100011011
110110101000001
110110101100110
110110110001011
110110110110001
110110111010110
110110111111011
110111000100001
110111001000110
110111001101011
110111010010000
110111010110101
110111011011010
110111011111111
110111100100100
110111101001001
110111101101101
110111110010010
110111110110111
110111111011011
111000000000000
111000000100101
111000001001001
111000001101110
111000010010010
111000010110110
111000011011011
111000011111111
111000100100011
111000101000111
111000101101011
111000110010000
111000110110100
111000111011000
111000111111100
111001000011111
111001001000011
111001001100111
111001010001011
111001010101111
111001011010010
111001011110110
111001100011010
111001100111101
111001101100001
111001110000100
111001110101000
111001111001011
111001111101110
111010000010010
111010000110101
111010001011000
111010001111011
111010010011110
111010011000010
111010011100101
111010100001000
111010100101011
111010101001110
111010101110000
111010110010011
111010110110110
111010111011001
111010111111100
111011000011110
111011001000001
111011001100100
111011010000110
111011010101001
111011011001011
111011011101110
111011100010000
111011100110011
111011101010101
111011101110111
111011110011001
111011110111100
111011111011110
111100000000000
111100000100010
111100001000100
111100001100110
111100010001000
111100010101010
111100011001100
111100011101110
111100100010000
111100100110010
111100101010011
111100101110101
111100110010111
111100110111001
111100111011010
111100111111100
111101000011101
111101000111111
111101001100000
111101010000010
111101010100011
111101011000101
111101011100110
111101100000111
111101100101001
111101101001010
111101101101011
111101110001100
111101110101101
111101111001110
111101111101111
111110000010001
111110000110010
111110001010010
111110001110011
111110010010100
111110010110101
111110011010110
111110011110111
111110100011000
111110100111000
111110101011001
111110101111010
111110110011010
111110110111011
111110111011011
111110111111100
111111000011100
111111000111101
111111001011101
111111001111110
111111010011110
111111010111110
111111011011111
111111011111111
111111100011111
111111100111111
111111101100000
111111110000000
111111110100000
111111111000000
111111111100000
L
000000000000000
000000000000000
000000000000001
000000000000001
000000000000010
000000000000011
000000000000101
000000000000110
000000000001000
000000000001010
000000000001101
000000000001111
000000000010010
000000000010101
000000000011001
000000000011100
000000000100000
000000000100100
000000000101001
000000000101101
000000000110010
000000000110111
000000000111101
000000001000010
000000001001000
000000001001110
000000001010101
000000001011011
000000001100010
000000001101001
000000001110001
000000001111000
000000010000000
000000010001000
000000010010001
000000010011001
000000010100010
000000010101011
000000010110101
000000010111110
000000011001000
000000011010010
000000011011101
000000011100111
000000011110010
000000011111101
000000100001001
000000100010100
000000100100000
000000100101100
000000100111001
000000101000101
000000101010010
000000101011111
000000101101101
000000101111010
000000110001000
000000110010110
000000110100101
000000110110011
000000111000010
000000111010001
000000111100001
000000111110000
000001000000000
000001000010000
000001000100001
000001000110001
000001001000010
000001001010011
000001001100101
000001001110110
000001010001000
000001010011010
000001010101101
000001010111111
000001011010010
000001011100101
000001011111001
000001100001100
000001100100000
000001100110100
000001101001001
000001101011101
000001101110010
000001110000111
000001110011101
000001110110010
000001111001000
000001111011110
000001111110101
000010000001011
000010000100010
000010000111001
000010001010001
000010001101000
000010010000000
000010010011000
000010010110001
000010011001001
000010011100010
000010011111011
000010100010101
000010100101110
000010101001000
000010101100010
000010101111101
000010110010111
000010110110010
000010111001101
000010111101001
000011000000100
000011000100000
000011000111100
000011001011001
000011001110101
000011010010010
000011010101111
000011011001101
000011011101010
000011100001000
000011100100110
000011101000101
000011101100011
000011110000010
000011110100001
000011111000001
000011111100000
000100000000000
000100000100000
000100001000001
000100001100001
000100010000010
000100010100011
000100011000101
000100011100110
000100100001000
000100100101010
000100101001101
000100101101111
000100110010010
000100110110101
000100111011001
000100111111100
000101000100000
000101001000100
000101001101001
000101010001101
000101010110010
000101011010111
000101011111101
000101100100010
000101101001000
000101101101110
000101110010101
000101110111011
000101111100010
000110000001001
000110000110001
000110001011000
000110010000000
000110010101000
000110011010001
000110011111001
000110100100010
000110101001011
000110101110101
000110110011110
000110111001000
000110111110010
000111000011101
000111001000111
000111001110010
000111010011101
000111011001001
000111011110100
000111100100000
000111101001100
000111101111001
000111110100101
000111111010010
000111111111111
001000000101101
001000001011010
001000010001000
001000010110110
001000011100101
001000100010011
001000101000010
001000101110001
001000110100001
001000111010000
001001000000000
001001000110000
001001001100001
001001010010001
001001011000010
001001011110011
001001100100101
001001101010110
001001110001000
001001110111010
001001111101101
001010000011111
001010001010010
001010010000101
001010010111001
001010011101100
001010100100000
001010101010100
001010110001001
001010110111101
001010111110010
001011000100111
001011001011101
001011010010010
001011011001000
001011011111110
001011100110101
001011101101011
001011110100010
001011111011001
001100000010001
001100001001000
001100010000000
001100010111000
001100011110001
001100100101001
001100101100010
001100110011011
001100111010101
001101000001110
001101001001000
001101010000010
001101010111101
001101011110111
001101100110010
001101101101101
001101110101001
001101111100100
001110000100000
001110001011100
001110010011001
001110011010101
001110100010010
001110101001111
001110110001101
001110111001010
001111000001000
001111001000110
001111010000101
001111011000011
001111100000010
001111101000001
001111110000001
001111111000000
010000000000000
010000001000000
010000010000001
010000011000001
010000100000010
010000101000011
010000110000101
010000111000110
010001000001000
010001001001010
010001010001101
010001011001111
010001100010010
010001101010101
010001110011001
010001111011100
010010000100000
010010001100100
010010010101001
010010011101101
010010100110010
010010101110111
010010110111101
010011000000010
010011001001000
010011010001110
010011011010101
010011100011011
010011101100010
010011110101001
010011111110001
010100000111000
010100010000000
010100011001000
010100100010001
010100101011001
010100110100010
010100111101011
010101000110101
010101001111110
010101011001000
010101100010010
010101101011101
010101110100111
010101111110010
010110000111101
010110010001001
010110011010100
010110100100000
010110101101100
010110110111001
010111000000101
010111001010010
010111010011111
010111011101101
010111100111010
010111110001000
010111111010110
011000000100101
011000001110011
011000011000010
011000100010001
011000101100001
011000110110000
011001000000000
011001001010000
011001010100001
011001011110001
011001101000010
011001110010011
011001111100101
011010000110110
011010010001000
011010011011010
011010100101101
011010101111111
011010111010010
011011000100101
011011001111001
011011011001100
011011100100000
011011101110100
011011111001001
011100000011101
011100001110010
011100011000111
011100100011101
011100101110010
011100111001000
011101000011110
011101001110101
011101011001011
011101100100010
011101101111001
011101111010001
011110000101000
011110010000000
011110011011000
011110100110001
011110110001001
011110111100010
011111000111011
011111010010101
011111011101110
011111101001000
011111110100010
011111111111101
100000001010111
100000010110010
100000100001101
100000101101001
100000111000100
100001000100000
100001001111100
100001011011001
100001100110101
100001110010010
100001111101111
100010001001101
100010010101010
100010100001000
100010101100110
100010111000101
100011000100011
100011010000010
100011011100001
100011101000001
100011110100000
100100000000000
100100001100000
100100011000001
100100100100001
100100110000010
100100111100011
100101001000101
100101010100110
100101100001000
100101101101010
100101111001101
100110000101111
100110010010010
100110011110101
100110101011001
100110110111100
100111000100000
100111010000100
100111011101001
100111101001101
100111110110010
101000000010111
101000001111101
101000011100010
101000101001000
101000110101110
101001000010101
101001001111011
101001011100010
101001101001001
101001110110001
101010000011000
101010010000000
101010011101000
101010101010001
101010110111001
101011000100010
101011010001011
101011011110101
101011101011110
101011111001000
101100000110010
101100010011101
101100100000111
101100101110010
101100111011101
101101001001001
101101010110100
101101100100000
101101110001100
101101111111001
101110001100101
101110011010010
101110100111111
101110110101101
101111000011010
101111010001000
101111011110110
101111101100101
101111111010011
110000001000010
110000010110001
110000100100001
110000110010000
110001000000000
110001001110000
110001011100001
110001101010001
110001111000010
110010000110011
110010010100101
110010100010110
110010110001000
110010111111010
110011001101101
110011011011111
110011101010010
110011111000101
110100000111001
110100010101100
110100100100000
110100110010100
110101000001001
110101001111101
110101011110010
110101101100111
110101111011101
110110001010010
110110011001000
110110100111110
110110110110101
110111000101011
110111010100010
110111100011001
110111110010001
111000000001000
111000010000000
111000011111000
111000101110001
111000111101001
111001001100010
111001011011011
111001101010101
111001111001110
111010001001000
111010011000010
111010100111101
111010110110111
111011000110010
111011010101101
111011100101001
111011110100100
111100000100000
111100010011100
111100100011001
111100110010101
111101000010010
111101010001111
111101100001101
111101110001010
111110000001000
111110010000110
111110100000101
111110110000011
111111000000010
111111010000001
111111100000001
111111110000000
L
111111111111111
111111111100000
111111111000000
111111110100000
111111110000000
111111101100000
111111100111111
111111100011111
111111011111111
111111011011111
111111010111110
111111010011110
111111001111110
111111001011101
111111000111101
111111000011100
111110111111100
111110111011011
111110110111011
111110110011010
111110101111010
111110101011001
111110100111000
111110100011000
111110011110111
111110011010110
111110010110101
111110010010100
111110001110011
111110001010010
111110000110010
111110000010001
111101111101111
111101111001110
111101110101101
111101110001100
111101101101011
111101101001010
111101100101001
111101100000111
111101011100110
111101011000101
111101010100011
111101010000010
111101001100000
111101000111111
111101000011101
111100111111100
111100111011010
111100110111001
111100110010111
111100101110101
111100101010011
111100100110010
111100100010000
111100011101110
111100011001100
111100010101010
111100010001000
111100001100110
111100001000100
111100000100010
111100000000000
111011111011110
111011110111100
111011110011001
111011101110111
111011101010101
111011100110011
111011100010000
111011011101110
111011011001011
111011010101001
111011010000110
111011001100100
111011001000001
111011000011110
111010111111100
111010111011001
111010110110110
111010110010011
111010101110000
111010101001110
111010100101011
111010100001000
111010011100101
111010011000010
111010010011110
111010001111011
111010001011000
111010000110101
111010000010010
111001111101110
111001111001011
111001110101000
111001110000100
111001101100001
111001100111101
111001100011010
111001011110110
111001011010010
111001010101111
111001010001011
111001001100111
111001001000011
111001000011111
111000111111100
111000111011000
111000110110100
111000110010000
111000101101011
111000101000111
111000100100011
111000011111111
111000011011011
111000010110110
111000010010010
111000001101110
111000001001001
111000000100101
111000000000000
110111111011011
110111110110111
110111110010010
110111101101101
110111101001001
110111100100100
110111011111111
110111011011010
110111010110101
110111010010000
110111001101011
110111001000110
110111000100001
110110111111011
110110111010110
110110110110001
110110110001011
110110101100110
110110101000001
110110100011011
110110011110101
110110011010000
110110010101010
110110010000100
110110001011111
110110000111001
110110000010011
110101111101101
110101111000111
110101110100001
110101101111011
110101101010101
110101100101111
110101100001000
110101011100010
110101010111100
110101010010101
110101001101111
110101001001000
110101000100010
110100111111011
110100111010100
110100110101110
110100110000111
110100101100000
110100100111001
110100100010010
110100011101011
110100011000100
110100010011101
110100001110110
110100001001111
110100000100111
110100000000000
110011111011001
110011110110001
110011110001010
110011101100010
110011100111010
110011100010011
110011011101011
110011011000011
110011010011011
110011001110011
110011001001011
110011000100011
110010111111011
110010111010011
110010110101011
110010110000010
110010101011010
110010100110001
110010100001001
110010011100000
110010010111000
110010010001111
110010001100110
110010000111101
110010000010100
110001111101100
110001111000010
110001110011001
110001101110000
110001101000111
110001100011110
110001011110100
110001011001011
110001010100001
110001001111000
110001001001110
110001000100101
110000111111011
110000111010001
110000110100111
110000101111101
110000101010011
110000100101001
110000011111111
110000011010100
110000010101010
110000010000000
110000001010101
110000000101011
110000000000000
101111111010101
101111110101011
101111110000000
101111101010101
101111100101010
101111011111111
101111011010011
101111010101000
101111001111101
101111001010010
101111000100110
101110111111011
101110111001111
101110110100011
101110101110111
101110101001100
101110100100000
101110011110100
101110011001000
101110010011011
101110001101111
101110001000011
101110000010110
101101111101010
101101110111101
101101110010000
101101101100100
101101100110111
101101100001010
101101011011101
101101010110000
101101010000010
101101001010101
101101000101000
101100111111010
101100111001101
101100110011111
101100101110001
101100101000011
101100100010110
101100011101000
101100010111001
101100010001011
101100001011101
101100000101110
101100000000000
101011111010001
101011110100011
101011101110100
101011101000101
101011100010110
101011011100111
101011010111000
101011010001001
101011001011001
101011000101010
101010111111010
101010111001010
101010110011011
101010101101011
101010100111011
101010100001011
101010011011010
101010010101010
101010001111010
101010001001001
101010000011000
101001111101000
101001110110111
101001110000110
101001101010101
101001100100011
101001011110010
101001011000001
101001010001111
101001001011101
101001000101100
101000111111010
101000111001000
101000110010110
101000101100011
101000100110001
101000011111110
101000011001100
101000010011001
101000001100110
101000000110011
101000000000000
100111111001101
100111110011001
100111101100110
100111100110010
100111011111110
100111011001010
100111010010110
100111001100010
100111000101110
100110111111001
100110111000101
100110110010000
100110101011011
100110100100110
100110011110001
100110010111100
100110010000110
100110001010001
100110000011011
100101111100101
100101110101111
100101101111001
100101101000010
100101100001100
100101011010101
100101010011110
100101001101000
100101000110000
100100111111001
100100111000010
100100110001010
100100101010010
100100100011010
100100011100010
100100010101010
100100001110001
100100000111001
100100000000000
100011111000111
100011110001110
100011101010101
100011100011011
100011011100001
100011010100111
100011001101101
100011000110011
100010111111001
100010110111110
100010110000011
100010101001000
100010100001101
100010011010010
100010010010110
100010001011010
100010000011110
100001111100010
100001110100101
100001101101001
100001100101100
100001011101111
100001010110001
100001001110100
100001000110110
100000111111000
100000110111010
100000101111100
100000100111101
100000011111110
100000010111111
100000010000000
100000001000000
100000000000000
011111111000000
011111101111111
011111100111111
011111011111110
011111010111101
011111001111011
011111000111010
011110111111000
011110110110110
011110101110011
011110100110000
011110011101101
011110010101010
011110001100110
011110000100010
011101111011110
011101110011001
011101101010100
011101100001111
011101011001010
011101010000100
011101000111110
011100111110111
011100110110000
011100101101001
011100100100010
011100011011010
011100010010010
011100001001001
011100000000000
011011110110111
011011101101101
011011100100011
011011011011000
011011010001101
011011001000010
011010111110111
011010110101010
011010101011110
011010100010001
011010011000011
011010001110110
011010000100111
011001111011001
011001110001001
011001100111010
011001011101001
011001010011001
011001001000111
011000111110110
011000110100100
011000101010001
011000011111101
011000010101001
011000001010101
011000000000000
010111110101010
010111101010100
010111011111101
010111010100110
010111001001110
010110111110101
010110110011011
010110101000001
010110011100110
010110010001011
010110000101110
010101111010001
010101101110011
010101100010101
010101010110101
010101001010101
010100111110100
010100110010010
010100100101111
010100011001011
010100001100110
010100000000000
010011110011001
010011100110001
010011011001000
010011001011110
010010111110011
010010110000110
010010100011000
010010010101001
010010000111001
010001111000111
010001101010100
010001011011111
010001001101001
010000111110001
010000101110111
010000011111100
010000001111111
010000000000000
001111101111111
001111011111100
001111001110111
001110111101111
001110101100101
001110011011000
001110001001001
001101110110110
001101100100001
001101010001000
001100111101100
001100101001100
001100010101000
001100000000000
001011101010011
001011010100001
001010111101001
001010100101010
001010001100101
001001110011001
001001011000011
001000111100011
001000011111000
001000000000000
000111011110111
000110111011011
000110010100110
000101101010000
000100111001100
000100000000000
000010110101000
L
111111111111111
111111110000000
111111100000001
111111010000001
111111000000010
111110110000011
111110100000101
111110010000110
111110000001000
111101110001010
111101100001101
111101010001111
111101000010010
111100110010101
111100100011001
111100010011100
111100000100000
111011110100100
111011100101001
111011010101101
111011000110010
111010110110111
111010100111101
111010011000010
111010001001000
111001111001110
111001101010101
111001011011011
111001001100010
111000111101001
111000101110001
111000011111000
111000010000000
111000000001000
110111110010001
110111100011001
110111010100010
110111000101011
110110110110101
110110100111110
110110011001000
110110001010010
110101111011101
110101101100111
110101011110010
110101001111101
110101000001001
110100110010100
110100100100000
110100010101100
110100000111001
110011111000101
110011101010010
110011011011111
110011001101101
110010111111010
110010110001000
110010100010110
110010010100101
110010000110011
110001111000010
110001101010001
110001011100001
110001001110000
110001000000000
110000110010000
110000100100001
110000010110001
110000001000010
101111111010011
101111101100101
101111011110110
101111010001000
101111000011010
101110110101101
101110100111111
101110011010010
101110001100101
101101111111001
101101110001100
101101100100000
101101010110100
101101001001001
101100111011101
101100101110010
101100100000111
101100010011101
101100000110010
101011111001000
101011101011110
101011011110101
101011010001011
101011000100010
101010110111001
101010101010001
101010011101000
101010010000000
101010000011000
101001110110001
101001101001001
101001011100010
101001001111011
101001000010101
101000110101110
101000101001000
101000011100010
101000001111101
101000000010111
100111110110010
100111101001101
100111011101001
100111010000100
100111000100000
100110110111100
100110101011001
100110011110101
100110010010010
100110000101111
100101111001101
100101101101010
100101100001000
100101010100110
100101001000101
100100111100011
100100110000010
100100100100001
100100011000001
100100001100000
100100000000000
100011110100000
100011101000001
100011011100001
100011010000010
100011000100011
100010111000101
100010101100110
100010100001000
100010010101010
100010001001101
100001111101111
100001110010010
100001100110101
100001011011001
100001001111100
100001000100000
100000111000100
100000101101001
100000100001101
100000010110010
100000001010111
011111111111101
011111110100010
011111101001000
011111011101110
011111010010101
011111000111011
011110111100010
011110110001001
011110100110001
011110011011000
011110010000000
011110000101000
011101111010001
011101101111001
011101100100010
011101011001011
011101001110101
011101000011110
011100111001000
011100101110010
011100100011101
011100011000111
011100001110010
011100000011101
011011111001001
011011101110100
011011100100000
011011011001100
011011001111001
011011000100101
011010111010010
011010101111111
011010100101101
011010011011010
011010010001000
011010000110110
011001111100101
011001110010011
011001101000010
011001011110001
011001010100001
011001001010000
011001000000000
011000110110000
011000101100001
011000100010001
011000011000010
011000001110011
011000000100101
010111111010110
010111110001000
010111100111010
010111011101101
010111010011111
010111001010010
010111000000101
010110110111001
010110101101100
010110100100000
010110011010100
010110010001001
010110000111101
010101111110010
010101110100111
010101101011101
010101100010010
010101011001000
010101001111110
010101000110101
010100111101011
010100110100010
010100101011001
010100100010001
010100011001000
010100010000000
010100000111000
010011111110001
010011110101001
010011101100010
010011100011011
010011011010101
010011010001110
010011001001000
010011000000010
010010110111101
010010101110111
010010100110010
010010011101101
010010010101001
010010001100100
010010000100000
010001111011100
010001110011001
010001101010101
010001100010010
010001011001111
010001010001101
010001001001010
010001000001000
010000111000110
010000110000101
010000101000011
010000100000010
010000011000001
010000010000001
010000001000000
010000000000000
001111111000000
001111110000001
001111101000001
001111100000010
001111011000011
001111010000101
001111001000110
001111000001000
001110111001010
001110110001101
001110101001111
001110100010010
001110011010101
001110010011001
001110001011100
001110000100000
001101111100100
001101110101001
001101101101101
001101100110010
001101011110111
001101010111101
001101010000010
001101001001000
001101000001110
001100111010101
001100110011011
001100101100010
001100100101001
001100011110001
001100010111000
001100010000000
001100001001000
001100000010001
001011111011001
001011110100010
001011101101011
001011100110101
001011011111110
001011011001000
001011010010010
001011001011101
001011000100111
001010111110010
001010110111101
001010110001001
001010101010100
001010100100000
001010011101100
001010010111001
001010010000101
001010001010010
001010000011111
001001111101101
001001110111010
001001110001000
001001101010110
001001100100101
001001011110011
001001011000010
001001010010001
001001001100001
001001000110000
001001000000000
001000111010000
001000110100001
001000101110001
001000101000010
001000100010011
001000011100101
001000010110110
001000010001000
001000001011010
001000000101101
000111111111111
000111111010010
000111110100101
000111101111001
000111101001100
000111100100000
000111011110100
000111011001001
000111010011101
000111001110010
000111001000111
000111000011101
000110111110010
000110111001000
000110110011110
000110101110101
000110101001011
000110100100010
000110011111001
000110011010001
000110010101000
000110010000000
000110001011000
000110000110001
000110000001001
000101111100010
000101110111011
000101110010101
000101101101110
000101101001000
000101100100010
000101011111101
000101011010111
000101010110010
000101010001101
000101001101001
000101001000100
000101000100000
000100111111100
000100111011001
000100110110101
000100110010010
000100101101111
000100101001101
000100100101010
000100100001000
000100011100110
000100011000101
000100010100011
000100010000010
000100001100001
000100001000001
000100000100000
000100000000000
000011111100000
000011111000001
000011110100001
000011110000010
000011101100011
000011101000101
000011100100110
000011100001000
000011011101010
000011011001101
000011010101111
000011010010010
000011001110101
000011001011001
000011000111100
000011000100000
000011000000100
000010111101001
000010111001101
000010110110010
000010110010111
000010101111101
000010101100010
000010101001000
000010100101110
000010100010101
000010011111011
000010011100010
000010011001001
000010010110001
000010010011000
000010010000000
000010001101000
000010001010001
000010000111001
000010000100010
000010000001011
000001111110101
000001111011110
000001111001000
000001110110010
000001110011101
000001110000111
000001101110010
000001101011101
000001101001001
000001100110100
000001100100000
000001100001100
000001011111001
000001011100101
000001011010010
000001010111111
000001010101101
000001010011010
000001010001000
000001001110110
000001001100101
000001001010011
000001001000010
000001000110001
000001000100001
000001000010000
000001000000000
000000111110000
000000111100001
000000111010001
000000111000010
000000110110011
000000110100101
000000110010110
000000110001000
000000101111010
000000101101101
000000101011111
000000101010010
000000101000101
000000100111001
000000100101100
000000100100000
000000100010100
000000100001001
000000011111101
000000011110010
000000011100111
000000011011101
000000011010010
000000011001000
000000010111110
000000010110101
000000010101011
000000010100010
000000010011001
000000010010001
000000010001000
000000010000000
000000001111000
000000001110001
000000001101001
000000001100010
000000001011011
000000001010101
000000001001110
000000001001000
000000001000010
000000000111101
000000000110111
000000000110010
000000000101101
000000000101001
000000000100100
000000000100000
000000000011100
000000000011001
000000000010101
000000000010010
000000000001111
000000000001101
000000000001010
000000000001000
000000000000110
000000000000101
000000000000011
000000000000010
000000000000001
000000000000001
000000000000000
L
000000000000000
000000000000000
000000000000010
000000000000100
000000000001000
000000000001100
000000000010010
000000000011000
000000000100000
000000000101000
000000000110010
000000000111100
000000001001000
000000001010100
000000001100010
000000001110000
000000010000000
000000010010000
000000010100001
000000010110100
000000011000111
000000011011011
000000011110000
000000100000110
000000100011101
000000100110110
000000101001111
000000101101000
000000110000011
000000110011111
000000110111100
000000111011010
000000111111000
000001000011000
000001000111000
000001001011001
000001001111011
000001010011110
000001011000010
000001011100111
000001100001101
000001100110011
000001101011011
000001110000011
000001110101100
000001111010110
000010000000001
000010000101100
000010001011001
000010010000110
000010010110100
000010011100011
000010100010010
000010101000011
000010101110100
000010110100110
000010111011000
000011000001100
000011001000000
000011001110101
000011010101010
000011011100001
000011100011000
000011101001111
000011110001000
000011111000001
000011111111010
000100000110101
000100001110000
000100010101011
000100011101000
000100100100100
000100101100010
000100110100000
000100111011111
000101000011110
000101001011110
000101010011111
000101011100000
000101100100001
000101101100011
000101110100110
000101111101001
000110000101101
000110001110001
000110010110110
000110011111011
000110101000001
000110110000111
000110111001101
000111000010100
000111001011100
000111010100100
000111011101100
000111100110101
000111101111110
000111111001000
001000000010010
001000001011100
001000010100111
001000011110010
001000100111110
001000110001001
001000111010101
001001000100010
001001001101111
001001010111100
001001100001001
001001101010111
001001110100101
001001111110011
001010001000010
001010010010000
001010011011111
001010100101111
001010101111110
001010111001110
001011000011110
001011001101110
001011010111110
001011100001111
001011101100000
001011110110001
001100000000010
001100001010011
001100010100100
001100011110110
001100101001000
001100110011010
001100111101100
001101000111110
001101010010000
001101011100010
001101100110101
001101110000111
001101111011010
001110000101100
001110001111111
001110011010010
001110100100101
001110101111000
001110111001011
001111000011110
001111001110001
001111011000100
001111100010111
001111101101010
001111110111101
010000000010000
010000001100100
010000010110111
010000100001010
010000101011101
010000110110000
010001000000011
010001001010110
010001010101001
010001011111100
010001101001111
010001110100010
010001111110100
010010001000111
010010010011010
010010011101100
010010100111111
010010110010001
010010111100100
010011000110110
010011010001000
010011011011010
010011100101100
010011101111110
010011111001111
010100000100001
010100001110010
010100011000100
010100100010101
010100101100110
010100110110111
010101000001000
010101001011001
010101010101001
010101011111001
010101101001010
010101110011010
010101111101010
010110000111001
010110010001001
010110011011000
010110100101000
010110101110111
010110111000110
010111000010100
010111001100011
010111010110001
010111100000000
010111101001110
010111110011011
010111111101001
011000000110110
011000010000100
011000011010001
011000100011101
011000101101010
011000110110111
011001000000011
011001001001111
011001010011011
011001011100110
011001100110001
011001101111101
011001111001000
011010000010010
011010001011101
011010010100111
011010011110001
011010100111011
011010110000100
011010111001110
011011000010111
011011001100000
011011010101001
011011011110001
011011100111001
011011110000001
011011111001001
011100000010000
011100001011000
011100010011111
011100011100101
011100100101100
011100101110010
011100110111000
011100111111110
011101001000100
011101010001001
011101011001110
011101100010011
011101101011000
011101110011100
011101111100000
011110000100100
011110001101000
011110010101011
011110011101110
011110100110001
011110101110100
011110110110110
011110111111000
011111000111010
011111001111100
011111010111101
011111011111110
011111100111111
011111110000000
011111111000000
100000000000000
100000001000000
100000010000000
100000010111111
100000011111110
100000100111101
100000101111100
100000110111010
100000111111000
100001000110110
100001001110100
100001010110001
100001011101110
100001100101011
100001101101000
100001110100100
100001111100000
100010000011100
100010001011000
100010010010011
100010011001110
100010100001001
100010101000100
100010101111110
100010110111000
100010111110010
100011000101100
100011001100101
100011010011111
100011011010111
100011100010000
100011101001001
100011110000001
100011110111001
100011111110001
100100000101000
100100001011111
100100010010110
100100011001101
100100100000100
100100100111010
100100101110000
100100110100110
100100111011100
100101000010001
100101001000110
100101001111011
100101010110000
100101011100100
100101100011000
100101101001100
100101110000000
100101110110100
100101111100111
100110000011010
100110001001101
100110010000000
100110010110010
100110011100100
100110100010110
100110101001000
100110101111001
100110110101011
100110111011100
100111000001100
100111000111101
100111001101110
100111010011110
100111011001110
100111011111101
100111100101101
100111101011100
100111110001011
100111110111010
100111111101001
101000000010111
101000001000110
101000001110100
101000010100010
101000011001111
101000011111101
101000100101010
101000101010111
101000110000100
101000110110000
101000111011101
101001000001001
101001000110101
101001001100001
101001010001100
101001010111000
101001011100011
101001100001110
101001100111001
101001101100011
101001110001110
101001110111000
101001111100010
101010000001100
101010000110110
101010001011111
101010010001000
101010010110001
101010011011010
101010100000011
101010100101011
101010101010100
101010101111100
101010110100100
101010111001100
101010111110011
101011000011011
101011001000010
101011001101001
101011010010000
101011010110110
101011011011101
101011100000011
101011100101001
101011101001111
101011101110101
101011110011011
101011111000000
101011111100110
101100000001011
101100000110000
101100001010100
101100001111001
101100010011110
101100011000010
101100011100110
101100100001010
101100100101110
101100101010001
101100101110101
101100110011000
101100110111011
101100111011110
101101000000001
101101000100011
101101001000110
101101001101000
101101010001010
101101010101100
101101011001110
101101011110000
101101100010010
101101100110011
101101101010100
101101101110101
101101110010110
101101110110111
101101111011000
101101111111000
101110000011000
101110000111001
101110001011001
101110001111001
101110010011000
101110010111000
101110011010111
101110011110111
101110100010110
101110100110101
101110101010100
101110101110011
101110110010001
101110110110000
101110111001110
101110111101100
101111000001010
101111000101000
101111001000110
101111001100100
101111010000001
101111010011110
101111010111100
101111011011001
101111011110110
101111100010011
101111100101111
101111101001100
101111101101000
101111110000101
101111110100001
101111110111101
101111111011001
101111111110101
110000000010000
110000000101100
110000001000111
110000001100011
110000001111110
110000010011001
110000010110100
110000011001111
110000011101010
110000100000100
110000100011111
110000100111001
110000101010011
110000101101101
110000110000111
110000110100001
110000110111011
110000111010101
110000111101110
110001000001000
110001000100001
110001000111010
110001001010011
110001001101100
110001010000101
110001010011110
110001010110111
110001011001111
110001011101000
110001100000000
110001100011000
110001100110000
110001101001000
110001101100000
110001101111000
110001110010000
110001110100111
110001110111111
110001111010110
110001111101110
110010000000101
110010000011100
110010000110011
110010001001010
110010001100000
110010001110111
110010010001110
110010010100100
110010010111011
110010011010001
110010011100111
110010011111101
110010100010011
110010100101001
110010100111111
110010101010101
110010101101010
110010110000000
110010110010101
110010110101010
110010111000000
110010111010101
110010111101010
110010111111111
110011000010100
110011000101001
110011000111101
110011001010010
L
000000000000000
000000000000000
000000000000000
000000000000000
000000000000001
000000000000001
000000000000010
000000000000010
000000000000011
000000000000100
000000000000101
000000000000110
000000000001000
000000000001001
000000000001011
000000000001101
000000000001111
000000000010001
000000000010011
000000000010110
000000000011000
000000000011011
000000000011110
000000000100001
000000000100100
000000000101000
000000000101100
000000000101111
000000000110011
000000000111000
000000000111100
000000001000000
000000001000101
000000001001010
000000001001111
000000001010100
000000001011010
000000001011111
000000001100101
000000001101011
000000001110001
000000001111000
000000001111110
000000010000101
000000010001100
000000010010011
000000010011011
000000010100010
000000010101010
000000010110010
000000010111010
000000011000011
000000011001011
000000011010100
000000011011101
000000011100110
000000011110000
000000011111001
000000100000011
000000100001101
000000100010111
000000100100010
000000100101101
000000100110111
000000101000011
000000101001110
000000101011001
000000101100101
000000101110001
000000101111101
000000110001010
000000110010110
000000110100011
000000110110000
000000110111101
000000111001011
000000111011001
000000111100110
000000111110101
000001000000011
000001000010010
000001000100000
000001000101111
000001000111111
000001001001110
000001001011110
000001001101110
000001001111110
000001010001111
000001010011111
000001010110000
000001011000001
000001011010010
000001011100100
000001011110110
000001100001000
000001100011010
000001100101101
000001100111111
000001101010010
000001101100110
000001101111001
000001110001101
000001110100001
000001110110101
000001111001001
000001111011110
000001111110011
000010000001000
000010000011101
000010000110011
000010001001001
000010001011111
000010001110101
000010010001011
000010010100010
000010010111001
000010011010001
000010011101000
000010100000000
000010100011000
000010100110000
000010101001001
000010101100001
000010101111010
000010110010100
000010110101101
000010111000111
000010111100001
000010111111011
000011000010110
000011000110001
000011001001100
000011001100111
000011010000010
000011010011110
000011010111010
000011011010110
000011011110011
000011100010000
000011100101101
000011101001010
000011101100111
000011110000101
000011110100011
000011111000010
000011111100000
000011111111111
000100000011110
000100000111101
000100001011101
000100001111101
000100010011101
000100010111101
000100011011110
000100011111111
000100100100000
000100101000001
000100101100011
000100110000101
000100110100111
000100111001010
000100111101100
000101000001111
000101000110011
000101001010110
000101001111010
000101010011110
000101011000010
000101011100111
000101100001100
000101100110001
000101101010110
000101101111100
000101110100001
000101111001000
000101111101110
000110000010101
000110000111100
000110001100011
000110010001010
000110010110010
000110011011010
000110100000011
000110100101011
000110101010100
000110101111101
000110110100111
000110111010000
000110111111010
000111000100100
000111001001111
000111001111010
000111010100101
000111011010000
000111011111011
000111100100111
000111101010011
000111110000000
000111110101100
000111111011001
001000000000111
001000000110100
001000001100010
001000010010000
001000010111110
001000011101101
001000100011100
001000101001011
001000101111010
001000110101010
001000111011010
001001000001010
001001000111011
001001001101100
001001010011101
001001011001110
001001100000000
001001100110010
001001101100100
001001110010111
001001111001001
001001111111100
001010000110000
001010001100011
001010010010111
001010011001100
001010100000000
001010100110101
001010101101010
001010110011111
001010111010101
001011000001011
001011001000001
001011001110111
001011010101110
001011011100101
001011100011101
001011101010100
001011110001100
001011111000100
001011111111101
001100000110110
001100001101111
001100010101000
001100011100010
001100100011011
001100101010110
001100110010000
001100111001011
001101000000110
001101001000001
001101001111101
001101010111001
001101011110101
001101100110010
001101101101111
001101110101100
001101111101001
001110000100111
001110001100101
001110010100011
001110011100010
001110100100000
001110101100000
001110110011111
001110111011111
001111000011111
001111001011111
001111010100000
001111011100001
001111100100010
001111101100011
001111110100101
001111111100111
010000000101010
010000001101100
010000010101111
010000011110011
010000100110110
010000101111010
010000110111110
010001000000011
010001001000111
010001010001100
010001011010010
010001100010111
010001101011101
010001110100100
010001111101010
010010000110001
010010001111000
010010011000000
010010100000111
010010101001111
010010110011000
010010111100000
010011000101001
010011001110011
010011010111100
010011100000110
010011101010000
010011110011011
010011111100101
010100000110000
010100001111100
010100011000111
010100100010011
010100101100000
010100110101100
010100111111001
010101001000110
010101010010100
010101011100010
010101100110000
010101101111110
010101111001101
010110000011100
010110001101011
010110010111011
010110100001011
010110101011011
010110110101011
010110111111100
010111001001101
010111010011111
010111011110001
010111101000011
010111110010101
010111111101000
011000000111011
011000010001110
011000011100010
011000100110101
011000110001010
011000111011110
011001000110011
011001010001000
011001011011110
011001100110011
011001110001001
011001111100000
011010000110111
011010010001110
011010011100101
011010100111100
011010110010100
011010111101101
011011001000101
011011010011110
011011011110111
011011101010001
011011110101011
011100000000101
011100001011111
011100010111010
011100100010101
011100101110000
011100111001100
011101000101000
011101010000100
011101011100001
011101100111110
011101110011011
011101111111001
011110001010111
011110010110101
011110100010011
011110101110010
011110111010001
011111000110001
011111010010001
011111011110001
011111101010001
011111110110010
100000000010011
100000001110100
100000011010110
100000100111000
100000110011010
100000111111101
100001001100000
100001011000011
100001100100111
100001110001011
100001111101111
100010001010011
100010010111000
100010100011101
100010110000011
100010111101001
100011001001111
100011010110101
100011100011100
100011110000011
100011111101011
100100001010010
100100010111010
100100100100011
100100110001011
100100111110100
100101001011110
100101011000111
100101100110001
100101110011100
100110000000110
100110001110001
100110011011101
100110101001000
100110110110100
100111000100000
100111010001101
100111011111010
100111101100111
100111111010100
101000001000010
101000010110001
101000100011111
101000110001110
101000111111101
101001001101101
101001011011100
101001101001100
101001110111101
101010000101110
101010010011111
101010100010000
101010110000010
101010111110100
101011001100110
101011011011001
101011101001100
101011111000000
101100000110011
101100010100111
101100100011100
101100110010000
101101000000110
101101001111011
101101011110001
101101101100111
101101111011101
101110001010100
101110011001011
101110101000010
101110110111010
101111000110010
101111010101010
101111100100010
101111110011011
110000000010101
110000010001110
110000100001000
110000110000011
110000111111101
110001001111000
110001011110011
110001101101111
110001111101011
110010001100111
110010011100100
110010101100001
110010111011110
110011001011100
110011011011010
110011101011000
110011111010111
110100001010101
110100011010101
110100101010100
110100111010100
110101001010101
110101011010101
110101101010110
110101111010111
110110001011001
110110011011011
110110101011101
110110111100000
110111001100011
110111011100110
110111101101010
110111111101101
111000001110010
111000011110110
111000101111011
111001000000001
111001010000110
111001100001100
111001110010010
111010000011001
111010010100000
111010100100111
111010110101111
111011000110111
111011010111111
111011101001000
111011111010001
111100001011010
111100011100100
111100101101110
111100111111000
111101010000011
111101100001110
111101110011001
111110000100101
111110010110001
111110100111101
111110111001010
111111001010111
111111011100100
111111101110010
L
000000000000000
000011111111000
000110010100001
000111111110000
001001010000001
001010010011001
001011001011111
001011111101000
001100101000011
001101001111001
001101110010001
001110010010001
001110101111101
001111001010111
001111100100010
001111111100000
010000010010010
010000100111011
010000111011010
010001001110001
010001100000000
010001110001001
010010000001100
010010010001001
010010100000001
010010101110101
010010111100100
010011001001111
010011010110110
010011100011010
010011101111011
010011111011000
010100000110011
010100010001010
010100011100000
010100100110011
010100110000011
010100111010010
010101000011110
010101001101001
010101010110001
010101011111000
010101100111110
010101110000001
010101111000011
010110000000100
010110001000011
010110010000001
010110010111110
010110011111001
010110100110100
010110101101101
010110110100101
010110111011100
010111000010010
010111001000111
010111001111011
010111010101110
010111011100001
010111100010010
010111101000011
010111101110011
010111110100010
010111111010000
010111111111110
011000000101011
011000001010111
011000010000010
011000010101101
011000011011000
011000100000001
011000100101011
011000101010011
011000101111011
011000110100011
011000111001010
011000111110000
011001000010110
011001000111100
011001001100001
011001010000101
011001010101001
011001011001101
011001011110000
011001100010011
011001100110110
011001101011000
011001101111001
011001110011010
011001110111011
011001111011100
011001111111100
011010000011100
011010000111011
011010001011011
011010001111001
011010010011000
011010010110110
011010011010100
011010011110001
011010100001111
011010100101100
011010101001000
011010101100101
011010110000001
011010110011101
011010110111001
011010111010100
011010111101111
011011000001010
011011000100101
011011000111111
011011001011001
011011001110011
011011010001101
011011010100110
011011011000000
011011011011001
011011011110001
011011100001010
011011100100010
011011100111011
011011101010011
011011101101011
011011110000010
011011110011010
011011110110001
011011111001000
011011111011111
011011111110110
011100000001100
011100000100011
011100000111001
011100001001111
011100001100101
011100001111010
011100010010000
011100010100101
011100010111011
011100011010000
011100011100101
011100011111001
011100100001110
011100100100011
011100100110111
011100101001011
011100101011111
011100101110011
011100110000111
011100110011011
011100110101110
011100111000010
011100111010101
011100111101000
011100111111011
011101000001110
011101000100001
011101000110100
011101001000110
011101001011001
011101001101011
011101001111101
011101010001111
011101010100001
011101010110011
011101011000101
011101011010111
011101011101000
011101011111010
011101100001011
011101100011100
011101100101110
011101100111111
011101101010000
011101101100000
011101101110001
011101110000010
011101110010010
011101110100011
011101110110011
011101111000100
011101111010100
011101111100100
011101111110100
011110000000100
011110000010100
011110000100100
011110000110011
011110001000011
011110001010011
011110001100010
011110001110001
011110010000001
011110010010000
011110010011111
011110010101110
011110010111101
011110011001100
011110011011011
011110011101001
011110011111000
011110100000111
011110100010101
011110100100100
011110100110010
011110101000000
011110101001111
011110101011101
011110101101011
011110101111001
011110110000111
011110110010101
011110110100011
011110110110001
011110110111110
011110111001100
011110111011010
011110111100111
011110111110101
011111000000010
011111000001111
011111000011101
011111000101010
011111000110111
011111001000100
011111001010001
011111001011110
011111001101011
011111001111000
011111010000101
011111010010010
011111010011110
011111010101011
011111010111000
011111011000100
011111011010001
011111011011101
011111011101001
011111011110110
011111100000010
011111100001110
011111100011010
011111100100111
011111100110011
011111100111111
011111101001011
011111101010111
011111101100011
011111101101110
011111101111010
011111110000110
011111110010010
011111110011101
011111110101001
011111110110100
011111111000000
011111111001011
011111111010111
011111111100010
011111111101110
011111111111001
100000000000100
100000000001111
100000000011011
100000000100110
100000000110001
100000000111100
100000001000111
100000001010010
100000001011101
100000001101000
100000001110010
100000001111101
100000010001000
100000010010011
100000010011101
100000010101000
100000010110011
100000010111101
100000011001000
100000011010010
100000011011101
100000011100111
100000011110001
100000011111100
100000100000110
100000100010000
100000100011011
100000100100101
100000100101111
100000100111001
100000101000011
100000101001101
100000101010111
100000101100001
100000101101011
100000101110101
100000101111111
100000110001001
100000110010011
100000110011101
100000110100110
100000110110000
100000110111010
100000111000011
100000111001101
100000111010111
100000111100000
100000111101010
100000111110011
100000111111101
100001000000110
100001000010000
100001000011001
100001000100010
100001000101100
100001000110101
100001000111110
100001001001000
100001001010001
100001001011010
100001001100011
100001001101100
100001001110101
100001001111110
100001010000111
100001010010000
100001010011001
100001010100010
100001010101011
100001010110100
100001010111101
100001011000110
100001011001111
100001011011000
100001011100000
100001011101001
100001011110010
100001011111010
100001100000011
100001100001100
100001100010100
100001100011101
100001100100110
100001100101110
100001100110111
100001100111111
100001101001000
100001101010000
100001101011000
100001101100001
100001101101001
100001101110010
100001101111010
100001110000010
100001110001010
100001110010011
100001110011011
100001110100011
100001110101011
100001110110100
100001110111100
100001111000100
100001111001100
100001111010100
100001111011100
100001111100100
100001111101100
100001111110100
100001111111100
100010000000100
100010000001100
100010000010100
100010000011100
100010000100100
100010000101011
100010000110011
100010000111011
100010001000011
100010001001011
100010001010010
100010001011010
100010001100010
100010001101001
100010001110001
100010001111001
100010010000000
100010010001000
100010010001111
100010010010111
100010010011110
100010010100110
100010010101110
100010010110101
100010010111100
100010011000100
100010011001011
100010011010011
100010011011010
100010011100001
100010011101001
100010011110000
100010011110111
100010011111111
100010100000110
100010100001101
100010100010101
100010100011100
100010100100011
100010100101010
100010100110001
100010100111000
100010101000000
100010101000111
100010101001110
100010101010101
100010101011100
100010101100011
100010101101010
100010101110001
100010101111000
100010101111111
100010110000110
100010110001101
100010110010100
100010110011011
100010110100010
100010110101001
100010110101111
100010110110110
100010110111101
100010111000100
100010111001011
100010111010010
100010111011000
100010111011111
100010111100110
100010111101101
100010111110011
100010111111010
100011000000001
100011000000111
100011000001110
100011000010101
100011000011011
100011000100010
100011000101000
100011000101111
100011000110110
100011000111100
100011001000011
100011001001001
100011001010000
100011001010110
100011001011101
100011001100011
100011001101010
100011001110000
100011001110110
100011001111101
100011010000011
100011010001010
100011010010000
100011010010110
100011010011101
100011010100011
100011010101001
100011010110000
100011010110110
100011010111100
100011011000010
100011011001001
100011011001111
100011011010101
100011011011011
100011011100001
100011011101000
100011011101110
100011011110100
100011011111010
100011100000000
100011100000110
100011100001100
100011100010010
100011100011001
100011100011111
100011100100101
100011100101011
100011100110001
100011100110111
100011100111101
100011101000011
100011101001001
100011101001111
100011101010101
100011101011011
100011101100000
100011101100110
100011101101100
100011101110010
100011101111000
100011101111110
100011110000100
100011110001010
100011110001111
100011110010101
100011110011011
100011110100001
100011110100111
100011110101100
100011110110010
100011110111000
