000000000
000100000
000101101
000110111
001000000
001001000
001001110
001010101
001011011
001100000
001100101
001101010
001101111
001110011
001111000
001111100
010000000
010000100
010001000
010001011
010001111
010010011
010010110
010011001
010011101
010100000
010100011
010100110
010101001
010101100
010101111
010110010
010110101
010111000
010111011
010111101
011000000
011000011
011000101
011001000
011001010
011001101
011001111
011010010
011010100
011010111
011011001
011011011
011011110
011100000
011100010
011100101
011100111
011101001
011101011
011101101
011101111
011110010
011110100
011110110
011111000
011111010
011111100
011111110
100000000
100000010
100000100
100000110
100001000
100001010
100001100
100001110
100010000
100010001
100010011
100010101
100010111
100011001
100011011
100011100
100011110
100100000
100100010
100100100
100100101
100100111
100101001
100101010
100101100
100101110
100110000
100110001
100110011
100110101
100110110
100111000
100111010
100111011
100111101
100111110
101000000
101000010
101000011
101000101
101000110
101001000
101001001
101001011
101001101
101001110
101010000
101010001
101010011
101010100
101010110
101010111
101011001
101011010
101011100
101011101
101011111
101100000
101100001
101100011
101100100
101100110
101100111
101101001
101101010
101101011
101101101
101101110
101110000
101110001
101110010
101110100
101110101
101110111
101111000
101111001
101111011
101111100
101111101
101111111
110000000
110000001
110000011
110000100
110000101
110000111
110001000
110001001
110001011
110001100
110001101
110001110
110010000
110010001
110010010
110010100
110010101
110010110
110010111
110011001
110011010
110011011
110011100
110011110
110011111
110100000
110100001
110100010
110100100
110100101
110100110
110100111
110101001
110101010
110101011
110101100
110101101
110101111
110110000
110110001
110110010
110110011
110110100
110110110
110110111
110111000
110111001
110111010
110111011
110111101
110111110
110111111
111000000
111000001
111000010
111000011
111000101
111000110
111000111
111001000
111001001
111001010
111001011
111001100
111001110
111001111
111010000
111010001
111010010
111010011
111010100
111010101
111010110
111010111
111011000
111011010
111011011
111011100
111011101
111011110
111011111
111100000
111100001
111100010
111100011
111100100
111100101
111100110
111100111
111101000
111101010
111101011
111101100
111101101
111101110
111101111
111110000
111110001
111110010
111110011
111110100
111110101
111110110
111110111
111111000
111111001
111111010
111111011
111111100
111111101
111111110
111111111
L
000000000
000000000
000000000
000000000
000000000
000000000
000000000
000000000
000000001
000000001
000000001
000000001
000000001
000000001
000000010
000000010
000000010
000000010
000000011
000000011
000000011
000000011
000000100
000000100
000000101
000000101
000000101
000000110
000000110
000000111
000000111
000001000
000001000
000001001
000001001
000001010
000001010
000001011
000001011
000001100
000001101
000001101
000001110
000001110
000001111
000010000
000010001
000010001
000010010
000010011
000010100
000010100
000010101
000010110
000010111
000011000
000011001
000011001
000011010
000011011
000011100
000011101
000011110
000011111
000100000
000100001
000100010
000100011
000100100
000100101
000100110
000100111
000101001
000101010
000101011
000101100
000101101
000101110
000110000
000110001
000110010
000110011
000110101
000110110
000110111
000111000
000111010
000111011
000111101
000111110
000111111
001000001
001000010
001000100
001000101
001000111
001001000
001001010
001001011
001001101
001001110
001010000
001010001
001010011
001010101
001010110
001011000
001011001
001011011
001011101
001011111
001100000
001100010
001100100
001100110
001100111
001101001
001101011
001101101
001101111
001110001
001110010
001110100
001110110
001111000
001111010
001111100
001111110
010000000
010000010
010000100
010000110
010001000
010001010
010001100
010001110
010010001
010010011
010010101
010010111
010011001
010011011
010011110
010100000
010100010
010100100
010100111
010101001
010101011
010101101
010110000
010110010
010110101
010110111
010111001
010111100
010111110
011000001
011000011
011000110
011001000
011001011
011001101
011010000
011010010
011010101
011010111
011011010
011011101
011011111
011100010
011100100
011100111
011101010
011101101
011101111
011110010
011110101
011111000
011111010
011111101
100000000
100000011
100000110
100001001
100001011
100001110
100010001
100010100
100010111
100011010
100011101
100100000
100100011
100100110
100101001
100101100
100101111
100110010
100110101
100111001
100111100
100111111
101000010
101000101
101001000
101001100
101001111
101010010
101010101
101011001
101011100
101011111
101100010
101100110
101101001
101101101
101110000
101110011
101110111
101111010
101111110
110000001
110000101
110001000
110001100
110001111
110010011
110010110
110011010
110011101
110100001
110100101
110101000
110101100
110101111
110110011
110110111
110111011
110111110
111000010
111000110
111001010
111001101
111010001
111010101
111011001
111011101
111100001
111100100
111101000
111101100
111110000
111110100
111111000
111111100
L
111111111
111111111
111111110
111111101
111111100
111111011
111111010
111111001
111111000
111110111
111110110
111110101
111110100
111110011
111110010
111110001
111110000
111101111
111101110
111101101
111101100
111101011
111101010
111101000
111100111
111100110
111100101
111100100
111100011
111100010
111100001
111100000
111011111
111011110
111011101
111011100
111011011
111011010
111011000
111010111
111010110
111010101
111010100
111010011
111010010
111010001
111010000
111001111
111001110
111001100
111001011
111001010
111001001
111001000
111000111
111000110
111000101
111000011
111000010
111000001
111000000
110111111
110111110
110111101
110111011
110111010
110111001
110111000
110110111
110110110
110110100
110110011
110110010
110110001
110110000
110101111
110101101
110101100
110101011
110101010
110101001
110100111
110100110
110100101
110100100
110100010
110100001
110100000
110011111
110011110
110011100
110011011
110011010
110011001
110010111
110010110
110010101
110010100
110010010
110010001
110010000
110001110
110001101
110001100
110001011
110001001
110001000
110000111
110000101
110000100
110000011
110000001
110000000
101111111
101111101
101111100
101111011
101111001
101111000
101110111
101110101
101110100
101110010
101110001
101110000
101101110
101101101
101101011
101101010
101101001
101100111
101100110
101100100
101100011
101100001
101100000
101011111
101011101
101011100
101011010
101011001
101010111
101010110
101010100
101010011
101010001
101010000
101001110
101001101
101001011
101001001
101001000
101000110
101000101
101000011
101000010
101000000
100111110
100111101
100111011
100111010
100111000
100110110
100110101
100110011
100110001
100110000
100101110
100101100
100101010
100101001
100100111
100100101
100100100
100100010
100100000
100011110
100011100
100011011
100011001
100010111
100010101
100010011
100010001
100010000
100001110
100001100
100001010
100001000
100000110
100000100
100000010
100000000
011111110
011111100
011111010
011111000
011110110
011110100
011110010
011101111
011101101
011101011
011101001
011100111
011100101
011100010
011100000
011011110
011011011
011011001
011010111
011010100
011010010
011001111
011001101
011001010
011001000
011000101
011000011
011000000
010111101
010111011
010111000
010110101
010110010
010101111
010101100
010101001
010100110
010100011
010100000
010011101
010011001
010010110
010010011
010001111
010001011
010001000
010000100
010000000
001111100
001111000
001110011
001101111
001101010
001100101
001100000
001011011
001010101
001001110
001001000
001000000
000110111
000101101
000100000
L
111111111
111111100
111111000
111110100
111110000
111101100
111101000
111100100
111100001
111011101
111011001
111010101
111010001
111001101
111001010
111000110
111000010
110111110
110111011
110110111
110110011
110101111
110101100
110101000
110100101
110100001
110011101
110011010
110010110
110010011
110001111
110001100
110001000
110000101
110000001
101111110
101111010
101110111
101110011
101110000
101101101
101101001
101100110
101100010
101011111
101011100
101011001
101010101
101010010
101001111
101001100
101001000
101000101
101000010
100111111
100111100
100111001
100110101
100110010
100101111
100101100
100101001
100100110
100100011
100100000
100011101
100011010
100010111
100010100
100010001
100001110
100001011
100001001
100000110
100000011
100000000
011111101
011111010
011111000
011110101
011110010
011101111
011101101
011101010
011100111
011100100
011100010
011011111
011011101
011011010
011010111
011010101
011010010
011010000
011001101
011001011
011001000
011000110
011000011
011000001
010111110
010111100
010111001
010110111
010110101
010110010
010110000
010101101
010101011
010101001
010100111
010100100
010100010
010100000
010011110
010011011
010011001
010010111
010010101
010010011
010010001
010001110
010001100
010001010
010001000
010000110
010000100
010000010
010000000
001111110
001111100
001111010
001111000
001110110
001110100
001110010
001110001
001101111
001101101
001101011
001101001
001100111
001100110
001100100
001100010
001100000
001011111
001011101
001011011
001011001
001011000
001010110
001010101
001010011
001010001
001010000
001001110
001001101
001001011
001001010
001001000
001000111
001000101
001000100
001000010
001000001
000111111
000111110
000111101
000111011
000111010
000111000
000110111
000110110
000110101
000110011
000110010
000110001
000110000
000101110
000101101
000101100
000101011
000101010
000101001
000100111
000100110
000100101
000100100
000100011
000100010
000100001
000100000
000011111
000011110
000011101
000011100
000011011
000011010
000011001
000011001
000011000
000010111
000010110
000010101
000010100
000010100
000010011
000010010
000010001
000010001
000010000
000001111
000001110
000001110
000001101
000001101
000001100
000001011
000001011
000001010
000001010
000001001
000001001
000001000
000001000
000000111
000000111
000000110
000000110
000000101
000000101
000000101
000000100
000000100
000000011
000000011
000000011
000000011
000000010
000000010
000000010
000000010
000000001
000000001
000000001
000000001
000000001
000000001
000000000
000000000
000000000
000000000
000000000
000000000
000000000
L
000000000
000000000
000000000
000000000
000000000
000000001
000000001
000000010
000000010
000000011
000000011
000000100
000000100
000000101
000000110
000000111
000001000
000001001
000001010
000001011
000001100
000001101
000001111
000010000
000010001
000010011
000010100
000010110
000010111
000011001
000011011
000011100
000011110
000100000
000100010
000100100
000100110
000100111
000101001
000101011
000101110
000110000
000110010
000110100
000110110
000111000
000111011
000111101
000111111
001000001
001000100
001000110
001001001
001001011
001001101
001010000
001010010
001010101
001010111
001011010
001011100
001011111
001100001
001100100
001100110
001101001
001101100
001101110
001110001
001110011
001110110
001111000
001111011
001111110
010000000
010000011
010000101
010001000
010001011
010001101
010010000
010010010
010010101
010011000
010011010
010011101
010011111
010100010
010100100
010100111
010101001
010101100
010101110
010110001
010110011
010110110
010111000
010111011
010111101
011000000
011000010
011000100
011000111
011001001
011001100
011001110
011010000
011010011
011010101
011010111
011011001
011011100
011011110
011100000
011100010
011100101
011100111
011101001
011101011
011101101
011110000
011110010
011110100
011110110
011111000
011111010
011111100
011111110
100000000
100000010
100000100
100000110
100001000
100001010
100001100
100001110
100010000
100010001
100010011
100010101
100010111
100011001
100011010
100011100
100011110
100100000
100100001
100100011
100100101
100100111
100101000
100101010
100101100
100101101
100101111
100110000
100110010
100110100
100110101
100110111
100111000
100111010
100111011
100111101
100111110
101000000
101000001
101000011
101000100
101000101
101000111
101001000
101001010
101001011
101001100
101001110
101001111
101010000
101010001
101010011
101010100
101010101
101010111
101011000
101011001
101011010
101011011
101011101
101011110
101011111
101100000
101100001
101100010
101100100
101100101
101100110
101100111
101101000
101101001
101101010
101101011
101101100
101101101
101101110
101101111
101110000
101110001
101110010
101110011
101110100
101110101
101110110
101110111
101111000
101111001
101111010
101111011
101111100
101111101
101111110
101111111
101111111
110000000
110000001
110000010
110000011
110000100
110000100
110000101
110000110
110000111
110001000
110001001
110001001
110001010
110001011
110001100
110001100
110001101
110001110
110001111
110001111
110010000
110010001
110010010
110010010
110010011
110010100
110010100
110010101
110010110
110010110
110010111
110011000
110011000
110011001
L
000000000
000000000
000000000
000000000
000000000
000000000
000000000
000000000
000000000
000000000
000000000
000000000
000000001
000000001
000000001
000000001
000000001
000000001
000000001
000000010
000000010
000000010
000000010
000000010
000000011
000000011
000000011
000000011
000000100
000000100
000000100
000000101
000000101
000000101
000000110
000000110
000000111
000000111
000000111
000001000
000001000
000001001
000001001
000001010
000001010
000001011
000001011
000001100
000001100
000001101
000001110
000001110
000001111
000001111
000010000
000010001
000010001
000010010
000010011
000010100
000010100
000010101
000010110
000010111
000011000
000011000
000011001
000011010
000011011
000011100
000011101
000011110
000011111
000100000
000100000
000100001
000100010
000100011
000100100
000100110
000100111
000101000
000101001
000101010
000101011
000101100
000101101
000101111
000110000
000110001
000110010
000110011
000110101
000110110
000110111
000111001
000111010
000111011
000111101
000111110
000111111
001000001
001000010
001000100
001000101
001000111
001001000
001001010
001001011
001001101
001001110
001010000
001010010
001010011
001010101
001010110
001011000
001011010
001011100
001011101
001011111
001100001
001100011
001100100
001100110
001101000
001101010
001101100
001101110
001110000
001110010
001110100
001110101
001110111
001111001
001111100
001111110
010000000
010000010
010000100
010000110
010001000
010001010
010001100
010001111
010010001
010010011
010010101
010011000
010011010
010011100
010011110
010100001
010100011
010100101
010101000
010101010
010101101
010101111
010110010
010110100
010110111
010111001
010111100
010111110
011000001
011000100
011000110
011001001
011001011
011001110
011010001
011010100
011010110
011011001
011011100
011011111
011100001
011100100
011100111
011101010
011101101
011110000
011110011
011110110
011111001
011111100
011111111
100000010
100000101
100001000
100001011
100001110
100010001
100010100
100011000
100011011
100011110
100100001
100100101
100101000
100101011
100101110
100110010
100110101
100111001
100111100
100111111
101000011
101000110
101001010
101001101
101010001
101010100
101011000
101011011
101011111
101100011
101100110
101101010
101101110
101110001
101110101
101111001
101111101
110000000
110000100
110001000
110001100
110010000
110010100
110010111
110011011
110011111
110100011
110100111
110101011
110101111
110110011
110110111
110111100
111000000
111000100
111001000
111001100
111010000
111010101
111011001
111011101
111100001
111100110
111101010
111101110
111110011
111110111
111111100
L
000000000
001000000
001100101
010000000
010010100
010100101
010110011
010111111
011001010
011010100
011011101
011100101
011101100
011110011
011111001
011111111
100000101
100001010
100001111
100010100
100011000
100011100
100100000
100100100
100101000
100101100
100101111
100110010
100110110
100111001
100111100
100111111
101000010
101000100
101000111
101001010
101001100
101001111
101010001
101010011
101010110
101011000
101011010
101011100
101011110
101100000
101100010
101100100
101100110
101101000
101101010
101101011
101101101
101101111
101110001
101110010
101110100
101110101
101110111
101111001
101111010
101111100
101111101
101111110
110000000
110000001
110000011
110000100
110000101
110000111
110001000
110001001
110001011
110001100
110001101
110001110
110010000
110010001
110010010
110010011
110010100
110010101
110010110
110011000
110011001
110011010
110011011
110011100
110011101
110011110
110011111
110100000
110100001
110100010
110100011
110100100
110100101
110100110
110100111
110101000
110101000
110101001
110101010
110101011
110101100
110101101
110101110
110101111
110101111
110110000
110110001
110110010
110110011
110110100
110110100
110110101
110110110
110110111
110111000
110111000
110111001
110111010
110111011
110111011
110111100
110111101
110111110
110111110
110111111
111000000
111000000
111000001
111000010
111000010
111000011
111000100
111000100
111000101
111000110
111000110
111000111
111001000
111001000
111001001
111001010
111001010
111001011
111001100
111001100
111001101
111001101
111001110
111001111
111001111
111010000
111010000
111010001
111010010
111010010
111010011
111010011
111010100
111010100
111010101
111010110
111010110
111010111
111010111
111011000
111011000
111011001
111011001
111011010
111011010
111011011
111011100
111011100
111011101
111011101
111011110
111011110
111011111
111011111
111100000
111100000
111100001
111100001
111100010
111100010
111100011
111100011
111100100
111100100
111100100
111100101
111100101
111100110
111100110
111100111
111100111
111101000
111101000
111101001
111101001
111101010
111101010
111101010
111101011
111101011
111101100
111101100
111101101
111101101
111101110
111101110
111101110
111101111
111101111
111110000
111110000
111110000
111110001
111110001
111110010
111110010
111110011
111110011
111110011
111110100
111110100
111110101
111110101
111110101
111110110
111110110
111110111
111110111
111110111
111111000
111111000
111111000
111111001
111111001
111111010
111111010
111111010
111111011
111111011
111111011
111111100
111111100
111111101
111111101
111111101
111111110
111111110
