0000000000000
0000101101010
0001000000000
0001001110011
0001011010100
0001100101010
0001101110111
0001110111110
0010000000000
0010000111110
0010001111001
0010010110001
0010011100110
0010100011001
0010101001011
0010101111010
0010110101000
0010111010101
0011000000000
0011000101010
0011001010011
0011001111011
0011010100010
0011011001000
0011011101110
0011100010010
0011100110110
0011101011001
0011101111100
0011110011110
0011110111111
0011111100000
0100000000000
0100000100000
0100000111111
0100001011110
0100001111100
0100010011010
0100010111000
0100011010101
0100011110010
0100100001110
0100100101010
0100101000110
0100101100001
0100101111101
0100110010111
0100110110010
0100111001100
0100111100110
0101000000000
0101000011001
0101000110011
0101001001100
0101001100100
0101001111101
0101010010101
0101010101101
0101011000101
0101011011101
0101011110100
0101100001100
0101100100011
0101100111010
0101101010000
0101101100111
0101101111101
0101110010011
0101110101001
0101110111111
0101111010101
0101111101011
0110000000000
0110000010101
0110000101010
0110000111111
0110001010100
0110001101001
0110001111101
0110010010010
0110010100110
0110010111010
0110011001110
0110011100010
0110011110110
0110100001010
0110100011101
0110100110001
0110101000100
0110101010111
0110101101011
0110101111110
0110110010001
0110110100011
0110110110110
0110111001001
0110111011011
0110111101110
0111000000000
0111000010010
0111000100100
0111000110110
0111001001000
0111001011010
0111001101100
0111001111110
0111010001111
0111010100001
0111010110010
0111011000100
0111011010101
0111011100110
0111011110111
0111100001001
0111100011010
0111100101010
0111100111011
0111101001100
0111101011101
0111101101101
0111101111110
0111110001110
0111110011111
0111110101111
0111110111111
0111111010000
0111111100000
0111111110000
1000000000000
1000000010000
1000000100000
1000000110000
1000001000000
1000001001111
1000001011111
1000001101111
1000001111110
1000010001110
1000010011101
1000010101100
1000010111100
1000011001011
1000011011010
1000011101001
1000011111000
1000100001000
1000100010111
1000100100101
1000100110100
1000101000011
1000101010010
1000101100001
1000101110000
1000101111110
1000110001101
1000110011011
1000110101010
1000110111000
1000111000111
1000111010101
1000111100011
1000111110010
1001000000000
1001000001110
1001000011100
1001000101010
1001000111001
1001001000111
1001001010101
1001001100011
1001001110000
1001001111110
1001010001100
1001010011010
1001010101000
1001010110101
1001011000011
1001011010001
1001011011110
1001011101100
1001011111001
1001100000111
1001100010100
1001100100010
1001100101111
1001100111100
1001101001010
1001101010111
1001101100100
1001101110001
1001101111110
1001110001011
1001110011001
1001110100110
1001110110011
1001111000000
1001111001101
1001111011001
1001111100110
1001111110011
1010000000000
1010000001101
1010000011010
1010000100110
1010000110011
1010001000000
1010001001100
1010001011001
1010001100101
1010001110010
1010001111110
1010010001011
1010010010111
1010010100100
1010010110000
1010010111101
1010011001001
1010011010101
1010011100001
1010011101110
1010011111010
1010100000110
1010100010010
1010100011110
1010100101010
1010100110111
1010101000011
1010101001111
1010101011011
1010101100111
1010101110011
1010101111111
1010110001010
1010110010110
1010110100010
1010110101110
1010110111010
1010111000110
1010111010001
1010111011101
1010111101001
1010111110100
1011000000000
1011000001100
1011000010111
1011000100011
1011000101110
1011000111010
1011001000101
1011001010001
1011001011100
1011001101000
1011001110011
1011001111111
1011010001010
1011010010101
1011010100001
1011010101100
1011010110111
1011011000010
1011011001110
1011011011001
1011011100100
1011011101111
1011011111010
1011100000110
1011100010001
1011100011100
1011100100111
1011100110010
1011100111101
1011101001000
1011101010011
1011101011110
1011101101001
1011101110100
1011101111111
1011110001010
1011110010100
1011110011111
1011110101010
1011110110101
1011111000000
1011111001010
1011111010101
1011111100000
1011111101011
1011111110101
1100000000000
1100000001011
1100000010101
1100000100000
1100000101011
1100000110101
1100001000000
1100001001010
1100001010101
1100001011111
1100001101010
1100001110100
1100001111111
1100010001001
1100010010100
1100010011110
1100010101000
1100010110011
1100010111101
1100011000111
1100011010010
1100011011100
1100011100110
1100011110001
1100011111011
1100100000101
1100100001111
1100100011010
1100100100100
1100100101110
1100100111000
1100101000010
1100101001100
1100101010110
1100101100001
1100101101011
1100101110101
1100101111111
1100110001001
1100110010011
1100110011101
1100110100111
1100110110001
1100110111011
1100111000101
1100111001111
1100111011000
1100111100010
1100111101100
1100111110110
1101000000000
1101000001010
1101000010100
1101000011101
1101000100111
1101000110001
1101000111011
1101001000101
1101001001110
1101001011000
1101001100010
1101001101011
1101001110101
1101001111111
1101010001000
1101010010010
1101010011100
1101010100101
1101010101111
1101010111001
1101011000010
1101011001100
1101011010101
1101011011111
1101011101000
1101011110010
1101011111011
1101100000101
1101100001110
1101100011000
1101100100001
1101100101011
1101100110100
1101100111101
1101101000111
1101101010000
1101101011001
1101101100011
1101101101100
1101101110110
1101101111111
1101110001000
1101110010001
1101110011011
1101110100100
1101110101101
1101110110110
1101111000000
1101111001001
1101111010010
1101111011011
1101111100101
1101111101110
1101111110111
1110000000000
1110000001001
1110000010010
1110000011011
1110000100100
1110000101110
1110000110111
1110001000000
1110001001001
1110001010010
1110001011011
1110001100100
1110001101101
1110001110110
1110001111111
1110010001000
1110010010001
1110010011010
1110010100011
1110010101100
1110010110101
1110010111101
1110011000110
1110011001111
1110011011000
1110011100001
1110011101010
1110011110011
1110011111100
1110100000100
1110100001101
1110100010110
1110100011111
1110100101000
1110100110000
1110100111001
1110101000010
1110101001011
1110101010011
1110101011100
1110101100101
1110101101110
1110101110110
1110101111111
1110110001000
1110110010000
1110110011001
1110110100010
1110110101010
1110110110011
1110110111011
1110111000100
1110111001101
1110111010101
1110111011110
1110111100110
1110111101111
1110111110111
1111000000000
1111000001001
1111000010001
1111000011010
1111000100010
1111000101011
1111000110011
1111000111100
1111001000100
1111001001100
1111001010101
1111001011101
1111001100110
1111001101110
1111001110111
1111001111111
1111010000111
1111010010000
1111010011000
1111010100000
1111010101001
1111010110001
1111010111001
1111011000010
1111011001010
1111011010010
1111011011011
1111011100011
1111011101011
1111011110100
1111011111100
1111100000100
1111100001100
1111100010101
1111100011101
1111100100101
1111100101101
1111100110101
1111100111110
1111101000110
1111101001110
1111101010110
1111101011110
1111101100111
1111101101111
1111101110111
1111101111111
1111110000111
1111110001111
1111110010111
1111110011111
1111110101000
1111110110000
1111110111000
1111111000000
1111111001000
1111111010000
1111111011000
1111111100000
1111111101000
1111111110000
1111111111000
L
0000000000000
0000000000000
0000000000000
0000000000000
0000000000001
0000000000001
0000000000001
0000000000010
0000000000010
0000000000011
0000000000011
0000000000100
0000000000101
0000000000101
0000000000110
0000000000111
0000000001000
0000000001001
0000000001010
0000000001011
0000000001101
0000000001110
0000000001111
0000000010001
0000000010010
0000000010100
0000000010101
0000000010111
0000000011001
0000000011010
0000000011100
0000000011110
0000000100000
0000000100010
0000000100100
0000000100110
0000000101001
0000000101011
0000000101101
0000000110000
0000000110010
0000000110101
0000000110111
0000000111010
0000000111101
0000000111111
0000001000010
0000001000101
0000001001000
0000001001011
0000001001110
0000001010001
0000001010101
0000001011000
0000001011011
0000001011111
0000001100010
0000001100110
0000001101001
0000001101101
0000001110001
0000001110100
0000001111000
0000001111100
0000010000000
0000010000100
0000010001000
0000010001100
0000010010001
0000010010101
0000010011001
0000010011110
0000010100010
0000010100111
0000010101011
0000010110000
0000010110101
0000010111001
0000010111110
0000011000011
0000011001000
0000011001101
0000011010010
0000011010111
0000011011101
0000011100010
0000011100111
0000011101101
0000011110010
0000011111000
0000011111101
0000100000011
0000100001001
0000100001110
0000100010100
0000100011010
0000100100000
0000100100110
0000100101100
0000100110010
0000100111001
0000100111111
0000101000101
0000101001100
0000101010010
0000101011001
0000101011111
0000101100110
0000101101101
0000101110011
0000101111010
0000110000001
0000110001000
0000110001111
0000110010110
0000110011101
0000110100101
0000110101100
0000110110011
0000110111011
0000111000010
0000111001010
0000111010001
0000111011001
0000111100001
0000111101000
0000111110000
0000111111000
0001000000000
0001000001000
0001000010000
0001000011000
0001000100001
0001000101001
0001000110001
0001000111010
0001001000010
0001001001011
0001001010011
0001001011100
0001001100101
0001001101101
0001001110110
0001001111111
0001010001000
0001010010001
0001010011010
0001010100011
0001010101101
0001010110110
0001010111111
0001011001001
0001011010010
0001011011100
0001011100101
0001011101111
0001011111001
0001100000010
0001100001100
0001100010110
0001100100000
0001100101010
0001100110100
0001100111110
0001101001001
0001101010011
0001101011101
0001101101000
0001101110010
0001101111101
0001110000111
0001110010010
0001110011101
0001110100111
0001110110010
0001110111101
0001111001000
0001111010011
0001111011110
0001111101001
0001111110101
0010000000000
0010000001011
0010000010111
0010000100010
0010000101110
0010000111001
0010001000101
0010001010001
0010001011100
0010001101000
0010001110100
0010010000000
0010010001100
0010010011000
0010010100100
0010010110001
0010010111101
0010011001001
0010011010110
0010011100010
0010011101111
0010011111011
0010100001000
0010100010101
0010100100001
0010100101110
0010100111011
0010101001000
0010101010101
0010101100010
0010101101111
0010101111101
0010110001010
0010110010111
0010110100101
0010110110010
0010111000000
0010111001101
0010111011011
0010111101001
0010111110110
0011000000100
0011000010010
0011000100000
0011000101110
0011000111100
0011001001010
0011001011001
0011001100111
0011001110101
0011010000100
0011010010010
0011010100001
0011010101111
0011010111110
0011011001101
0011011011011
0011011101010
0011011111001
0011100001000
0011100010111
0011100100110
0011100110101
0011101000101
0011101010100
0011101100011
0011101110011
0011110000010
0011110010010
0011110100001
0011110110001
0011111000001
0011111010000
0011111100000
0011111110000
0100000000000
0100000010000
0100000100000
0100000110000
0100001000001
0100001010001
0100001100001
0100001110010
0100010000010
0100010010011
0100010100011
0100010110100
0100011000101
0100011010101
0100011100110
0100011110111
0100100001000
0100100011001
0100100101010
0100100111011
0100101001101
0100101011110
0100101101111
0100110000001
0100110010010
0100110100100
0100110110101
0100111000111
0100111011001
0100111101010
0100111111100
0101000001110
0101000100000
0101000110010
0101001000100
0101001010110
0101001101001
0101001111011
0101010001101
0101010100000
0101010110010
0101011000101
0101011010111
0101011101010
0101011111101
0101100001111
0101100100010
0101100110101
0101101001000
0101101011011
0101101101110
0101110000001
0101110010101
0101110101000
0101110111011
0101111001111
0101111100010
0101111110110
0110000001001
0110000011101
0110000110001
0110001000100
0110001011000
0110001101100
0110010000000
0110010010100
0110010101000
0110010111100
0110011010001
0110011100101
0110011111001
0110100001110
0110100100010
0110100110111
0110101001011
0110101100000
0110101110101
0110110001001
0110110011110
0110110110011
0110111001000
0110111011101
0110111110010
0111000000111
0111000011101
0111000110010
0111001000111
0111001011101
0111001110010
0111010001000
0111010011101
0111010110011
0111011001001
0111011011110
0111011110100
0111100001010
0111100100000
0111100110110
0111101001100
0111101100010
0111101111001
0111110001111
0111110100101
0111110111100
0111111010010
0111111101001
0111111111111
1000000010110
1000000101101
1000001000011
1000001011010
1000001110001
1000010001000
1000010011111
1000010110110
1000011001101
1000011100101
1000011111100
1000100010011
1000100101011
1000101000010
1000101011010
1000101110001
1000110001001
1000110100001
1000110111000
1000111010000
1000111101000
1001000000000
1001000011000
1001000110000
1001001001000
1001001100001
1001001111001
1001010010001
1001010101010
1001011000010
1001011011011
1001011110011
1001100001100
1001100100101
1001100111101
1001101010110
1001101101111
1001110001000
1001110100001
1001110111010
1001111010011
1001111101101
1010000000110
1010000011111
1010000111001
1010001010010
1010001101100
1010010000101
1010010011111
1010010111001
1010011010010
1010011101100
1010100000110
1010100100000
1010100111010
1010101010100
1010101101110
1010110001001
1010110100011
1010110111101
1010111011000
1010111110010
1011000001101
1011000100111
1011001000010
1011001011101
1011001110111
1011010010010
1011010101101
1011011001000
1011011100011
1011011111110
1011100011001
1011100110101
1011101010000
1011101101011
1011110000111
1011110100010
1011110111110
1011111011001
1011111110101
1100000010001
1100000101100
1100001001000
1100001100100
1100010000000
1100010011100
1100010111000
1100011010100
1100011110001
1100100001101
1100100101001
1100101000110
1100101100010
1100101111111
1100110011011
1100110111000
1100111010101
1100111110001
1101000001110
1101000101011
1101001001000
1101001100101
1101010000010
1101010011111
1101010111101
1101011011010
1101011110111
1101100010101
1101100110010
1101101010000
1101101101101
1101110001011
1101110101001
1101111000110
1101111100100
1110000000010
1110000100000
1110000111110
1110001011100
1110001111010
1110010011001
1110010110111
1110011010101
1110011110100
1110100010010
1110100110001
1110101001111
1110101101110
1110110001101
1110110101011
1110111001010
1110111101001
1111000001000
1111000100111
1111001000110
1111001100101
1111010000101
1111010100100
1111011000011
1111011100011
1111100000010
1111100100010
1111101000001
1111101100001
1111110000001
1111110100000
1111111000000
1111111100000
L
1111111111111
1111111111000
1111111110000
1111111101000
1111111100000
1111111011000
1111111010000
1111111001000
1111111000000
1111110111000
1111110110000
1111110101000
1111110011111
1111110010111
1111110001111
1111110000111
1111101111111
1111101110111
1111101101111
1111101100111
1111101011110
1111101010110
1111101001110
1111101000110
1111100111110
1111100110101
1111100101101
1111100100101
1111100011101
1111100010101
1111100001100
1111100000100
1111011111100
1111011110100
1111011101011
1111011100011
1111011011011
1111011010010
1111011001010
1111011000010
1111010111001
1111010110001
1111010101001
1111010100000
1111010011000
1111010010000
1111010000111
1111001111111
1111001110111
1111001101110
1111001100110
1111001011101
1111001010101
1111001001100
1111001000100
1111000111100
1111000110011
1111000101011
1111000100010
1111000011010
1111000010001
1111000001001
1111000000000
1110111110111
1110111101111
1110111100110
1110111011110
1110111010101
1110111001101
1110111000100
1110110111011
1110110110011
1110110101010
1110110100010
1110110011001
1110110010000
1110110001000
1110101111111
1110101110110
1110101101110
1110101100101
1110101011100
1110101010011
1110101001011
1110101000010
1110100111001
1110100110000
1110100101000
1110100011111
1110100010110
1110100001101
1110100000100
1110011111100
1110011110011
1110011101010
1110011100001
1110011011000
1110011001111
1110011000110
1110010111101
1110010110101
1110010101100
1110010100011
1110010011010
1110010010001
1110010001000
1110001111111
1110001110110
1110001101101
1110001100100
1110001011011
1110001010010
1110001001001
1110001000000
1110000110111
1110000101110
1110000100100
1110000011011
1110000010010
1110000001001
1110000000000
1101111110111
1101111101110
1101111100101
1101111011011
1101111010010
1101111001001
1101111000000
1101110110110
1101110101101
1101110100100
1101110011011
1101110010001
1101110001000
1101101111111
1101101110110
1101101101100
1101101100011
1101101011001
1101101010000
1101101000111
1101100111101
1101100110100
1101100101011
1101100100001
1101100011000
1101100001110
1101100000101
1101011111011
1101011110010
1101011101000
1101011011111
1101011010101
1101011001100
1101011000010
1101010111001
1101010101111
1101010100101
1101010011100
1101010010010
1101010001000
1101001111111
1101001110101
1101001101011
1101001100010
1101001011000
1101001001110
1101001000101
1101000111011
1101000110001
1101000100111
1101000011101
1101000010100
1101000001010
1101000000000
1100111110110
1100111101100
1100111100010
1100111011000
1100111001111
1100111000101
1100110111011
1100110110001
1100110100111
1100110011101
1100110010011
1100110001001
1100101111111
1100101110101
1100101101011
1100101100001
1100101010110
1100101001100
1100101000010
1100100111000
1100100101110
1100100100100
1100100011010
1100100001111
1100100000101
1100011111011
1100011110001
1100011100110
1100011011100
1100011010010
1100011000111
1100010111101
1100010110011
1100010101000
1100010011110
1100010010100
1100010001001
1100001111111
1100001110100
1100001101010
1100001011111
1100001010101
1100001001010
1100001000000
1100000110101
1100000101011
1100000100000
1100000010101
1100000001011
1100000000000
1011111110101
1011111101011
1011111100000
1011111010101
1011111001010
1011111000000
1011110110101
1011110101010
1011110011111
1011110010100
1011110001010
1011101111111
1011101110100
1011101101001
1011101011110
1011101010011
1011101001000
1011100111101
1011100110010
1011100100111
1011100011100
1011100010001
1011100000110
1011011111010
1011011101111
1011011100100
1011011011001
1011011001110
1011011000010
1011010110111
1011010101100
1011010100001
1011010010101
1011010001010
1011001111111
1011001110011
1011001101000
1011001011100
1011001010001
1011001000101
1011000111010
1011000101110
1011000100011
1011000010111
1011000001100
1011000000000
1010111110100
1010111101001
1010111011101
1010111010001
1010111000110
1010110111010
1010110101110
1010110100010
1010110010110
1010110001010
1010101111111
1010101110011
1010101100111
1010101011011
1010101001111
1010101000011
1010100110111
1010100101010
1010100011110
1010100010010
1010100000110
1010011111010
1010011101110
1010011100001
1010011010101
1010011001001
1010010111101
1010010110000
1010010100100
1010010010111
1010010001011
1010001111110
1010001110010
1010001100101
1010001011001
1010001001100
1010001000000
1010000110011
1010000100110
1010000011010
1010000001101
1010000000000
1001111110011
1001111100110
1001111011001
1001111001101
1001111000000
1001110110011
1001110100110
1001110011001
1001110001011
1001101111110
1001101110001
1001101100100
1001101010111
1001101001010
1001100111100
1001100101111
1001100100010
1001100010100
1001100000111
1001011111001
1001011101100
1001011011110
1001011010001
1001011000011
1001010110101
1001010101000
1001010011010
1001010001100
1001001111110
1001001110000
1001001100011
1001001010101
1001001000111
1001000111001
1001000101010
1001000011100
1001000001110
1001000000000
1000111110010
1000111100011
1000111010101
1000111000111
1000110111000
1000110101010
1000110011011
1000110001101
1000101111110
1000101110000
1000101100001
1000101010010
1000101000011
1000100110100
1000100100101
1000100010111
1000100001000
1000011111000
1000011101001
1000011011010
1000011001011
1000010111100
1000010101100
1000010011101
1000010001110
1000001111110
1000001101111
1000001011111
1000001001111
1000001000000
1000000110000
1000000100000
1000000010000
1000000000000
0111111110000
0111111100000
0111111010000
0111110111111
0111110101111
0111110011111
0111110001110
0111101111110
0111101101101
0111101011101
0111101001100
0111100111011
0111100101010
0111100011010
0111100001001
0111011110111
0111011100110
0111011010101
0111011000100
0111010110010
0111010100001
0111010001111
0111001111110
0111001101100
0111001011010
0111001001000
0111000110110
0111000100100
0111000010010
0111000000000
0110111101110
0110111011011
0110111001001
0110110110110
0110110100011
0110110010001
0110101111110
0110101101011
0110101010111
0110101000100
0110100110001
0110100011101
0110100001010
0110011110110
0110011100010
0110011001110
0110010111010
0110010100110
0110010010010
0110001111101
0110001101001
0110001010100
0110000111111
0110000101010
0110000010101
0110000000000
0101111101011
0101111010101
0101110111111
0101110101001
0101110010011
0101101111101
0101101100111
0101101010000
0101100111010
0101100100011
0101100001100
0101011110100
0101011011101
0101011000101
0101010101101
0101010010101
0101001111101
0101001100100
0101001001100
0101000110011
0101000011001
0101000000000
0100111100110
0100111001100
0100110110010
0100110010111
0100101111101
0100101100001
0100101000110
0100100101010
0100100001110
0100011110010
0100011010101
0100010111000
0100010011010
0100001111100
0100001011110
0100000111111
0100000100000
0100000000000
0011111100000
0011110111111
0011110011110
0011101111100
0011101011001
0011100110110
0011100010010
0011011101110
0011011001000
0011010100010
0011001111011
0011001010011
0011000101010
0011000000000
0010111010101
0010110101000
0010101111010
0010101001011
0010100011001
0010011100110
0010010110001
0010001111001
0010000111110
0010000000000
0001110111110
0001101110111
0001100101010
0001011010100
0001001110011
0001000000000
0000101101010
L
1111111111111
1111111100000
1111111000000
1111110100000
1111110000001
1111101100001
1111101000001
1111100100010
1111100000010
1111011100011
1111011000011
1111010100100
1111010000101
1111001100101
1111001000110
1111000100111
1111000001000
1110111101001
1110111001010
1110110101011
1110110001101
1110101101110
1110101001111
1110100110001
1110100010010
1110011110100
1110011010101
1110010110111
1110010011001
1110001111010
1110001011100
1110000111110
1110000100000
1110000000010
1101111100100
1101111000110
1101110101001
1101110001011
1101101101101
1101101010000
1101100110010
1101100010101
1101011110111
1101011011010
1101010111101
1101010011111
1101010000010
1101001100101
1101001001000
1101000101011
1101000001110
1100111110001
1100111010101
1100110111000
1100110011011
1100101111111
1100101100010
1100101000110
1100100101001
1100100001101
1100011110001
1100011010100
1100010111000
1100010011100
1100010000000
1100001100100
1100001001000
1100000101100
1100000010001
1011111110101
1011111011001
1011110111110
1011110100010
1011110000111
1011101101011
1011101010000
1011100110101
1011100011001
1011011111110
1011011100011
1011011001000
1011010101101
1011010010010
1011001110111
1011001011101
1011001000010
1011000100111
1011000001101
1010111110010
1010111011000
1010110111101
1010110100011
1010110001001
1010101101110
1010101010100
1010100111010
1010100100000
1010100000110
1010011101100
1010011010010
1010010111001
1010010011111
1010010000101
1010001101100
1010001010010
1010000111001
1010000011111
1010000000110
1001111101101
1001111010011
1001110111010
1001110100001
1001110001000
1001101101111
1001101010110
1001100111101
1001100100101
1001100001100
1001011110011
1001011011011
1001011000010
1001010101010
1001010010001
1001001111001
1001001100001
1001001001000
1001000110000
1001000011000
1001000000000
1000111101000
1000111010000
1000110111000
1000110100001
1000110001001
1000101110001
1000101011010
1000101000010
1000100101011
1000100010011
1000011111100
1000011100101
1000011001101
1000010110110
1000010011111
1000010001000
1000001110001
1000001011010
1000001000011
1000000101101
1000000010110
0111111111111
0111111101001
0111111010010
0111110111100
0111110100101
0111110001111
0111101111001
0111101100010
0111101001100
0111100110110
0111100100000
0111100001010
0111011110100
0111011011110
0111011001001
0111010110011
0111010011101
0111010001000
0111001110010
0111001011101
0111001000111
0111000110010
0111000011101
0111000000111
0110111110010
0110111011101
0110111001000
0110110110011
0110110011110
0110110001001
0110101110101
0110101100000
0110101001011
0110100110111
0110100100010
0110100001110
0110011111001
0110011100101
0110011010001
0110010111100
0110010101000
0110010010100
0110010000000
0110001101100
0110001011000
0110001000100
0110000110001
0110000011101
0110000001001
0101111110110
0101111100010
0101111001111
0101110111011
0101110101000
0101110010101
0101110000001
0101101101110
0101101011011
0101101001000
0101100110101
0101100100010
0101100001111
0101011111101
0101011101010
0101011010111
0101011000101
0101010110010
0101010100000
0101010001101
0101001111011
0101001101001
0101001010110
0101001000100
0101000110010
0101000100000
0101000001110
0100111111100
0100111101010
0100111011001
0100111000111
0100110110101
0100110100100
0100110010010
0100110000001
0100101101111
0100101011110
0100101001101
0100100111011
0100100101010
0100100011001
0100100001000
0100011110111
0100011100110
0100011010101
0100011000101
0100010110100
0100010100011
0100010010011
0100010000010
0100001110010
0100001100001
0100001010001
0100001000001
0100000110000
0100000100000
0100000010000
0100000000000
0011111110000
0011111100000
0011111010000
0011111000001
0011110110001
0011110100001
0011110010010
0011110000010
0011101110011
0011101100011
0011101010100
0011101000101
0011100110101
0011100100110
0011100010111
0011100001000
0011011111001
0011011101010
0011011011011
0011011001101
0011010111110
0011010101111
0011010100001
0011010010010
0011010000100
0011001110101
0011001100111
0011001011001
0011001001010
0011000111100
0011000101110
0011000100000
0011000010010
0011000000100
0010111110110
0010111101001
0010111011011
0010111001101
0010111000000
0010110110010
0010110100101
0010110010111
0010110001010
0010101111101
0010101101111
0010101100010
0010101010101
0010101001000
0010100111011
0010100101110
0010100100001
0010100010101
0010100001000
0010011111011
0010011101111
0010011100010
0010011010110
0010011001001
0010010111101
0010010110001
0010010100100
0010010011000
0010010001100
0010010000000
0010001110100
0010001101000
0010001011100
0010001010001
0010001000101
0010000111001
0010000101110
0010000100010
0010000010111
0010000001011
0010000000000
0001111110101
0001111101001
0001111011110
0001111010011
0001111001000
0001110111101
0001110110010
0001110100111
0001110011101
0001110010010
0001110000111
0001101111101
0001101110010
0001101101000
0001101011101
0001101010011
0001101001001
0001100111110
0001100110100
0001100101010
0001100100000
0001100010110
0001100001100
0001100000010
0001011111001
0001011101111
0001011100101
0001011011100
0001011010010
0001011001001
0001010111111
0001010110110
0001010101101
0001010100011
0001010011010
0001010010001
0001010001000
0001001111111
0001001110110
0001001101101
0001001100101
0001001011100
0001001010011
0001001001011
0001001000010
0001000111010
0001000110001
0001000101001
0001000100001
0001000011000
0001000010000
0001000001000
0001000000000
0000111111000
0000111110000
0000111101000
0000111100001
0000111011001
0000111010001
0000111001010
0000111000010
0000110111011
0000110110011
0000110101100
0000110100101
0000110011101
0000110010110
0000110001111
0000110001000
0000110000001
0000101111010
0000101110011
0000101101101
0000101100110
0000101011111
0000101011001
0000101010010
0000101001100
0000101000101
0000100111111
0000100111001
0000100110010
0000100101100
0000100100110
0000100100000
0000100011010
0000100010100
0000100001110
0000100001001
0000100000011
0000011111101
0000011111000
0000011110010
0000011101101
0000011100111
0000011100010
0000011011101
0000011010111
0000011010010
0000011001101
0000011001000
0000011000011
0000010111110
0000010111001
0000010110101
0000010110000
0000010101011
0000010100111
0000010100010
0000010011110
0000010011001
0000010010101
0000010010001
0000010001100
0000010001000
0000010000100
0000010000000
0000001111100
0000001111000
0000001110100
0000001110001
0000001101101
0000001101001
0000001100110
0000001100010
0000001011111
0000001011011
0000001011000
0000001010101
0000001010001
0000001001110
0000001001011
0000001001000
0000001000101
0000001000010
0000000111111
0000000111101
0000000111010
0000000110111
0000000110101
0000000110010
0000000110000
0000000101101
0000000101011
0000000101001
0000000100110
0000000100100
0000000100010
0000000100000
0000000011110
0000000011100
0000000011010
0000000011001
0000000010111
0000000010101
0000000010100
0000000010010
0000000010001
0000000001111
0000000001110
0000000001101
0000000001011
0000000001010
0000000001001
0000000001000
0000000000111
0000000000110
0000000000101
0000000000101
0000000000100
0000000000011
0000000000011
0000000000010
0000000000010
0000000000001
0000000000001
0000000000001
0000000000000
0000000000000
0000000000000
L
0000000000000
0000000000000
0000000000000
0000000000001
0000000000010
0000000000011
0000000000100
0000000000110
0000000001000
0000000001010
0000000001100
0000000001111
0000000010010
0000000010101
0000000011000
0000000011100
0000000100000
0000000100100
0000000101000
0000000101101
0000000110010
0000000110111
0000000111100
0000001000010
0000001000111
0000001001101
0000001010100
0000001011010
0000001100001
0000001101000
0000001101111
0000001110110
0000001111110
0000010000110
0000010001110
0000010010110
0000010011111
0000010101000
0000010110001
0000010111010
0000011000011
0000011001101
0000011010111
0000011100001
0000011101011
0000011110110
0000100000000
0000100001011
0000100010110
0000100100010
0000100101101
0000100111001
0000101000101
0000101010001
0000101011101
0000101101001
0000101110110
0000110000011
0000110010000
0000110011101
0000110101011
0000110111000
0000111000110
0000111010100
0000111100010
0000111110000
0000111111111
0001000001101
0001000011100
0001000101011
0001000111010
0001001001001
0001001011000
0001001101000
0001001111000
0001010001000
0001010011000
0001010101000
0001010111000
0001011001000
0001011011001
0001011101001
0001011111010
0001100001011
0001100011100
0001100101101
0001100111111
0001101010000
0001101100010
0001101110011
0001110000101
0001110010111
0001110101001
0001110111011
0001111001101
0001111100000
0001111110010
0010000000100
0010000010111
0010000101010
0010000111101
0010001001111
0010001100010
0010001110101
0010010001000
0010010011100
0010010101111
0010011000010
0010011010110
0010011101001
0010011111101
0010100010000
0010100100100
0010100111000
0010101001100
0010101100000
0010101110011
0010110000111
0010110011100
0010110110000
0010111000100
0010111011000
0010111101100
0011000000000
0011000010101
0011000101001
0011000111110
0011001010010
0011001100110
0011001111011
0011010001111
0011010100100
0011010111001
0011011001101
0011011100010
0011011110110
0011100001011
0011100100000
0011100110101
0011101001001
0011101011110
0011101110011
0011110000111
0011110011100
0011110110001
0011111000110
0011111011011
0011111101111
0100000000100
0100000011001
0100000101110
0100001000010
0100001010111
0100001101100
0100010000001
0100010010110
0100010101010
0100010111111
0100011010100
0100011101000
0100011111101
0100100010010
0100100100110
0100100111011
0100101010000
0100101100100
0100101111001
0100110001101
0100110100010
0100110110110
0100111001011
0100111011111
0100111110100
0101000001000
0101000011101
0101000110001
0101001000101
0101001011010
0101001101110
0101010000010
0101010010110
0101010101010
0101010111110
0101011010010
0101011100110
0101011111010
0101100001110
0101100100010
0101100110110
0101101001010
0101101011110
0101101110001
0101110000101
0101110011001
0101110101100
0101111000000
0101111010011
0101111100111
0101111111010
0110000001110
0110000100001
0110000110100
0110001000111
0110001011011
0110001101110
0110010000001
0110010010100
0110010100111
0110010111010
0110011001100
0110011011111
0110011110010
0110100000101
0110100010111
0110100101010
0110100111100
0110101001111
0110101100001
0110101110011
0110110000110
0110110011000
0110110101010
0110110111100
0110111001110
0110111100000
0110111110010
0111000000100
0111000010110
0111000101000
0111000111001
0111001001011
0111001011101
0111001101110
0111010000000
0111010010001
0111010100010
0111010110100
0111011000101
0111011010110
0111011100111
0111011111000
0111100001001
0111100011010
0111100101011
0111100111100
0111101001100
0111101011101
0111101101101
0111101111110
0111110001110
0111110011111
0111110101111
0111111000000
0111111010000
0111111100000
0111111110000
1000000000000
1000000010000
1000000100000
1000000110000
1000001000000
1000001001111
1000001011111
1000001101110
1000001111110
1000010001101
1000010011101
1000010101100
1000010111100
1000011001011
1000011011010
1000011101001
1000011111000
1000100000111
1000100010110
1000100100101
1000100110100
1000101000010
1000101010001
1000101100000
1000101101110
1000101111101
1000110001011
1000110011001
1000110101000
1000110110110
1000111000100
1000111010010
1000111100000
1000111101110
1000111111100
1001000001010
1001000011000
1001000100110
1001000110011
1001001000001
1001001001111
1001001011100
1001001101010
1001001110111
1001010000100
1001010010010
1001010011111
1001010101100
1001010111001
1001011000110
1001011010011
1001011100000
1001011101101
1001011111010
1001100000111
1001100010011
1001100100000
1001100101100
1001100111001
1001101000110
1001101010010
1001101011110
1001101101011
1001101110111
1001110000011
1001110001111
1001110011011
1001110100111
1001110110011
1001110111111
1001111001011
1001111010111
1001111100011
1001111101111
1001111111010
1010000000110
1010000010001
1010000011101
1010000101000
1010000110100
1010000111111
1010001001010
1010001010110
1010001100001
1010001101100
1010001110111
1010010000010
1010010001101
1010010011000
1010010100011
1010010101110
1010010111001
1010011000011
1010011001110
1010011011001
1010011100011
1010011101110
1010011111001
1010100000011
1010100001101
1010100011000
1010100100010
1010100101100
1010100110111
1010101000001
1010101001011
1010101010101
1010101011111
1010101101001
1010101110011
1010101111101
1010110000111
1010110010000
1010110011010
1010110100100
1010110101110
1010110110111
1010111000001
1010111001010
1010111010100
1010111011101
1010111100111
1010111110000
1010111111001
1011000000011
1011000001100
1011000010101
1011000011110
1011000100111
1011000110000
1011000111001
1011001000010
1011001001011
1011001010100
1011001011101
1011001100110
1011001101111
1011001111000
1011010000000
1011010001001
1011010010001
1011010011010
1011010100011
1011010101011
1011010110100
1011010111100
1011011000100
1011011001101
1011011010101
1011011011101
1011011100110
1011011101110
1011011110110
1011011111110
1011100000110
1011100001110
1011100010110
1011100011110
1011100100110
1011100101110
1011100110110
1011100111110
1011101000101
1011101001101
1011101010101
1011101011101
1011101100100
1011101101100
1011101110011
1011101111011
1011110000011
1011110001010
1011110010001
1011110011001
1011110100000
1011110101000
1011110101111
1011110110110
1011110111101
1011111000101
1011111001100
1011111010011
1011111011010
1011111100001
1011111101000
1011111101111
1011111110110
1011111111101
1100000000100
1100000001011
1100000010010
1100000011001
1100000100000
1100000100110
1100000101101
1100000110100
1100000111010
1100001000001
1100001001000
1100001001110
1100001010101
1100001011011
1100001100010
1100001101000
1100001101111
1100001110101
1100001111100
1100010000010
1100010001000
1100010001111
1100010010101
1100010011011
1100010100001
1100010101000
1100010101110
1100010110100
1100010111010
1100011000000
1100011000110
1100011001100
1100011010010
1100011011000
1100011011110
1100011100100
1100011101010
1100011110000
1100011110110
1100011111011
1100100000001
1100100000111
1100100001101
1100100010010
1100100011000
1100100011110
1100100100011
1100100101001
1100100101111
1100100110100
1100100111010
1100100111111
1100101000101
1100101001010
1100101010000
1100101010101
1100101011011
1100101100000
1100101100101
1100101101011
1100101110000
1100101110101
1100101111010
1100110000000
1100110000101
1100110001010
1100110001111
1100110010100
L
0000000000000
0000000000000
0000000000000
0000000000000
0000000000000
0000000000000
0000000000000
0000000000001
0000000000001
0000000000001
0000000000001
0000000000010
0000000000010
0000000000010
0000000000011
0000000000011
0000000000100
0000000000100
0000000000101
0000000000101
0000000000110
0000000000111
0000000001000
0000000001000
0000000001001
0000000001010
0000000001011
0000000001100
0000000001101
0000000001110
0000000001111
0000000010000
0000000010001
0000000010011
0000000010100
0000000010101
0000000010110
0000000011000
0000000011001
0000000011011
0000000011100
0000000011110
0000000100000
0000000100001
0000000100011
0000000100101
0000000100111
0000000101001
0000000101011
0000000101101
0000000101111
0000000110001
0000000110011
0000000110101
0000000110111
0000000111010
0000000111100
0000000111110
0000001000001
0000001000011
0000001000110
0000001001000
0000001001011
0000001001110
0000001010001
0000001010011
0000001010110
0000001011001
0000001011100
0000001011111
0000001100010
0000001100110
0000001101001
0000001101100
0000001101111
0000001110011
0000001110110
0000001111010
0000001111101
0000010000001
0000010000100
0000010001000
0000010001100
0000010010000
0000010010100
0000010010111
0000010011011
0000010100000
0000010100100
0000010101000
0000010101100
0000010110000
0000010110101
0000010111001
0000010111101
0000011000010
0000011000111
0000011001011
0000011010000
0000011010101
0000011011001
0000011011110
0000011100011
0000011101000
0000011101101
0000011110010
0000011110111
0000011111101
0000100000010
0000100000111
0000100001101
0000100010010
0000100011000
0000100011101
0000100100011
0000100101001
0000100101110
0000100110100
0000100111010
0000101000000
0000101000110
0000101001100
0000101010010
0000101011000
0000101011111
0000101100101
0000101101011
0000101110010
0000101111000
0000101111111
0000110000101
0000110001100
0000110010011
0000110011010
0000110100001
0000110101000
0000110101111
0000110110110
0000110111101
0000111000100
0000111001011
0000111010010
0000111011010
0000111100001
0000111101001
0000111110000
0000111111000
0001000000000
0001000001000
0001000001111
0001000010111
0001000011111
0001000100111
0001000101111
0001000110111
0001001000000
0001001001000
0001001010000
0001001011001
0001001100001
0001001101010
0001001110010
0001001111011
0001010000100
0001010001101
0001010010110
0001010011110
0001010100111
0001010110001
0001010111010
0001011000011
0001011001100
0001011010101
0001011011111
0001011101000
0001011110010
0001011111100
0001100000101
0001100001111
0001100011001
0001100100011
0001100101101
0001100110111
0001101000001
0001101001011
0001101010101
0001101011111
0001101101010
0001101110100
0001101111111
0001110001001
0001110010100
0001110011110
0001110101001
0001110110100
0001110111111
0001111001010
0001111010101
0001111100000
0001111101011
0001111110110
0010000000010
0010000001101
0010000011000
0010000100100
0010000110000
0010000111011
0010001000111
0010001010011
0010001011111
0010001101011
0010001110111
0010010000011
0010010001111
0010010011011
0010010100111
0010010110100
0010011000000
0010011001100
0010011011001
0010011100110
0010011110010
0010011111111
0010100001100
0010100011001
0010100100110
0010100110011
0010101000000
0010101001101
0010101011010
0010101101000
0010101110101
0010110000011
0010110010000
0010110011110
0010110101100
0010110111001
0010111000111
0010111010101
0010111100011
0010111110001
0010111111111
0011000001101
0011000011100
0011000101010
0011000111000
0011001000111
0011001010101
0011001100100
0011001110011
0011010000010
0011010010000
0011010011111
0011010101110
0011010111101
0011011001100
0011011011100
0011011101011
0011011111010
0011100001010
0011100011001
0011100101001
0011100111000
0011101001000
0011101011000
0011101101000
0011101111000
0011110001000
0011110011000
0011110101000
0011110111000
0011111001000
0011111011001
0011111101001
0011111111010
0100000001010
0100000011011
0100000101100
0100000111101
0100001001110
0100001011110
0100001110000
0100010000001
0100010010010
0100010100011
0100010110100
0100011000110
0100011010111
0100011101001
0100011111011
0100100001100
0100100011110
0100100110000
0100101000010
0100101010100
0100101100110
0100101111000
0100110001010
0100110011101
0100110101111
0100111000001
0100111010100
0100111100111
0100111111001
0101000001100
0101000011111
0101000110010
0101001000101
0101001011000
0101001101011
0101001111110
0101010010010
0101010100101
0101010111000
0101011001100
0101011100000
0101011110011
0101100000111
0101100011011
0101100101111
0101101000011
0101101010111
0101101101011
0101101111111
0101110010011
0101110101000
0101110111100
0101111010001
0101111100101
0101111111010
0110000001111
0110000100011
0110000111000
0110001001101
0110001100010
0110001111000
0110010001101
0110010100010
0110010110111
0110011001101
0110011100010
0110011111000
0110100001110
0110100100011
0110100111001
0110101001111
0110101100101
0110101111011
0110110010001
0110110101000
0110110111110
0110111010100
0110111101011
0111000000001
0111000011000
0111000101110
0111001000101
0111001011100
0111001110011
0111010001010
0111010100001
0111010111000
0111011001111
0111011100111
0111011111110
0111100010110
0111100101101
0111101000101
0111101011101
0111101110100
0111110001100
0111110100100
0111110111100
0111111010100
0111111101100
1000000000101
1000000011101
1000000110101
1000001001110
1000001100111
1000001111111
1000010011000
1000010110001
1000011001010
1000011100011
1000011111100
1000100010101
1000100101110
1000101000111
1000101100001
1000101111010
1000110010100
1000110101101
1000111000111
1000111100001
1000111111011
1001000010101
1001000101111
1001001001001
1001001100011
1001001111101
1001010010111
1001010110010
1001011001100
1001011100111
1001100000010
1001100011100
1001100110111
1001101010010
1001101101101
1001110001000
1001110100011
1001110111110
1001111011010
1001111110101
1010000010001
1010000101100
1010001001000
1010001100011
1010001111111
1010010011011
1010010110111
1010011010011
1010011101111
1010100001011
1010100101000
1010101000100
1010101100000
1010101111101
1010110011010
1010110110110
1010111010011
1010111110000
1011000001101
1011000101010
1011001000111
1011001100100
1011010000001
1011010011111
1011010111100
1011011011010
1011011110111
1011100010101
1011100110011
1011101010000
1011101101110
1011110001100
1011110101010
1011111001001
1011111100111
1100000000101
1100000100100
1100001000010
1100001100001
1100001111111
1100010011110
1100010111101
1100011011100
1100011111011
1100100011010
1100100111001
1100101011000
1100101111000
1100110010111
1100110110110
1100111010110
1100111110110
1101000010101
1101000110101
1101001010101
1101001110101
1101010010101
1101010110101
1101011010110
1101011110110
1101100010110
1101100110111
1101101010111
1101101111000
1101110011001
1101110111001
1101111011010
1101111111011
1110000011100
1110000111110
1110001011111
1110010000000
1110010100010
1110011000011
1110011100101
1110100000110
1110100101000
1110101001010
1110101101100
1110110001110
1110110110000
1110111010010
1110111110100
1111000010111
1111000111001
1111001011011
1111001111110
1111010100001
1111011000011
1111011100110
1111100001001
1111100101100
1111101001111
1111101110010
1111110010110
1111110111001
1111111011100
L
0000000000000
0000111111110
0001100101000
0001111111100
0010010100000
0010100100110
0010110011000
0010111111010
0011001010001
0011010011110
0011011100100
0011100100100
0011101011111
0011110010110
0011111001001
0011111111000
0100000100101
0100001001111
0100001110110
0100010011100
0100011000000
0100011100010
0100100000011
0100100100010
0100101000000
0100101011101
0100101111001
0100110010100
0100110101110
0100111000111
0100111011111
0100111110110
0101000001101
0101000100011
0101000111000
0101001001101
0101001100001
0101001110100
0101010001000
0101010011010
0101010101100
0101010111110
0101011001111
0101011100000
0101011110001
0101100000001
0101100010001
0101100100000
0101100110000
0101100111110
0101101001101
0101101011011
0101101101001
0101101110111
0101110000100
0101110010010
0101110011111
0101110101100
0101110111000
0101111000101
0101111010001
0101111011101
0101111101000
0101111110100
0101111111111
0110000001011
0110000010110
0110000100001
0110000101011
0110000110110
0110001000000
0110001001011
0110001010101
0110001011111
0110001101001
0110001110010
0110001111100
0110010000110
0110010001111
0110010011000
0110010100001
0110010101010
0110010110011
0110010111100
0110011000101
0110011001101
0110011010110
0110011011110
0110011100111
0110011101111
0110011110111
0110011111111
0110100000111
0110100001111
0110100010111
0110100011110
0110100100110
0110100101110
0110100110101
0110100111100
0110101000100
0110101001011
0110101010010
0110101011001
0110101100000
0110101100111
0110101101110
0110101110101
0110101111100
0110110000010
0110110001001
0110110010000
0110110010110
0110110011101
0110110100011
0110110101010
0110110110000
0110110110110
0110110111100
0110111000011
0110111001001
0110111001111
0110111010101
0110111011011
0110111100001
0110111100110
0110111101100
0110111110010
0110111111000
0110111111101
0111000000011
0111000001001
0111000001110
0111000010100
0111000011001
0111000011111
0111000100100
0111000101001
0111000101111
0111000110100
0111000111001
0111000111110
0111001000100
0111001001001
0111001001110
0111001010011
0111001011000
0111001011101
0111001100010
0111001100111
0111001101100
0111001110000
0111001110101
0111001111010
0111001111111
0111010000100
0111010001000
0111010001101
0111010010010
0111010010110
0111010011011
0111010011111
0111010100100
0111010101000
0111010101101
0111010110001
0111010110110
0111010111010
0111010111110
0111011000011
0111011000111
0111011001011
0111011010000
0111011010100
0111011011000
0111011011100
0111011100000
0111011100101
0111011101001
0111011101101
0111011110001
0111011110101
0111011111001
0111011111101
0111100000001
0111100000101
0111100001001
0111100001101
0111100010001
0111100010101
0111100011000
0111100011100
0111100100000
0111100100100
0111100101000
0111100101100
0111100101111
0111100110011
0111100110111
0111100111010
0111100111110
0111101000010
0111101000101
0111101001001
0111101001101
0111101010000
0111101010100
0111101010111
0111101011011
0111101011110
0111101100010
0111101100101
0111101101001
0111101101100
0111101110000
0111101110011
0111101110110
0111101111010
0111101111101
0111110000000
0111110000100
0111110000111
0111110001010
0111110001110
0111110010001
0111110010100
0111110011000
0111110011011
0111110011110
0111110100001
0111110100100
0111110101000
0111110101011
0111110101110
0111110110001
0111110110100
0111110110111
0111110111010
0111110111101
0111111000001
0111111000100
0111111000111
0111111001010
0111111001101
0111111010000
0111111010011
0111111010110
0111111011001
0111111011100
0111111011111
0111111100001
0111111100100
0111111100111
0111111101010
0111111101101
0111111110000
0111111110011
0111111110110
0111111111001
0111111111011
0111111111110
1000000000001
1000000000100
1000000000111
1000000001001
1000000001100
1000000001111
1000000010010
1000000010100
1000000010111
1000000011010
1000000011101
1000000011111
1000000100010
1000000100101
1000000100111
1000000101010
1000000101101
1000000101111
1000000110010
1000000110101
1000000110111
1000000111010
1000000111100
1000000111111
1000001000010
1000001000100
1000001000111
1000001001001
1000001001100
1000001001110
1000001010001
1000001010011
1000001010110
1000001011000
1000001011011
1000001011101
1000001100000
1000001100010
1000001100101
1000001100111
1000001101010
1000001101100
1000001101110
1000001110001
1000001110011
1000001110110
1000001111000
1000001111010
1000001111101
1000001111111
1000010000010
1000010000100
1000010000110
1000010001001
1000010001011
1000010001101
1000010010000
1000010010010
1000010010100
1000010010110
1000010011001
1000010011011
1000010011101
1000010100000
1000010100010
1000010100100
1000010100110
1000010101001
1000010101011
1000010101101
1000010101111
1000010110001
1000010110100
1000010110110
1000010111000
1000010111010
1000010111100
1000010111111
1000011000001
1000011000011
1000011000101
1000011000111
1000011001001
1000011001100
1000011001110
1000011010000
1000011010010
1000011010100
1000011010110
1000011011000
1000011011010
1000011011100
1000011011110
1000011100001
1000011100011
1000011100101
1000011100111
1000011101001
1000011101011
1000011101101
1000011101111
1000011110001
1000011110011
1000011110101
1000011110111
1000011111001
1000011111011
1000011111101
1000011111111
1000100000001
1000100000011
1000100000101
1000100000111
1000100001001
1000100001011
1000100001101
1000100001111
1000100010001
1000100010011
1000100010101
1000100010110
1000100011000
1000100011010
1000100011100
1000100011110
1000100100000
1000100100010
1000100100100
1000100100110
1000100101000
1000100101010
1000100101011
1000100101101
1000100101111
1000100110001
1000100110011
1000100110101
1000100110111
1000100111000
1000100111010
1000100111100
1000100111110
1000101000000
1000101000010
1000101000011
1000101000101
1000101000111
1000101001001
1000101001011
1000101001100
1000101001110
1000101010000
1000101010010
1000101010011
1000101010101
1000101010111
1000101011001
1000101011011
1000101011100
1000101011110
1000101100000
1000101100010
1000101100011
1000101100101
1000101100111
1000101101000
1000101101010
1000101101100
1000101101110
1000101101111
1000101110001
1000101110011
1000101110100
1000101110110
1000101111000
1000101111001
1000101111011
1000101111101
1000101111110
1000110000000
1000110000010
1000110000011
1000110000101
1000110000111
1000110001000
1000110001010
1000110001100
1000110001101
1000110001111
1000110010001
1000110010010
1000110010100
1000110010110
1000110010111
1000110011001
1000110011010
1000110011100
1000110011110
1000110011111
1000110100001
1000110100010
1000110100100
1000110100110
1000110100111
1000110101001
1000110101010
1000110101100
1000110101101
1000110101111
1000110110001
1000110110010
1000110110100
1000110110101
1000110110111
1000110111000
1000110111010
1000110111011
1000110111101
1000110111111
1000111000000
1000111000010
1000111000011
1000111000101
1000111000110
1000111001000
1000111001001
1000111001011
1000111001100
1000111001110
1000111001111
1000111010001
1000111010010
1000111010100
1000111010101
1000111010111
1000111011000
1000111011010
1000111011011
1000111011101
1000111011110
1000111011111
1000111100001
1000111100010
1000111100100
1000111100101
1000111100111
1000111101000
1000111101010
1000111101011
1000111101101
1000111101110
