00000000000
00010000000
00010110101
00011011110
00100000000
00100011110
00100111010
00101010011
00101101010
00110000000
00110010101
00110101001
00110111011
00111001110
00111011111
00111110000
01000000000
01000010000
01000011111
01000101110
01000111100
01001001011
01001011000
01001100110
01001110011
01010000000
01010001101
01010011001
01010100101
01010110001
01010111101
01011001001
01011010100
01011011111
01011101010
01011110101
01100000000
01100001011
01100010101
01100011111
01100101010
01100110100
01100111110
01101000111
01101010001
01101011011
01101100100
01101101110
01101110111
01110000000
01110001001
01110010010
01110011011
01110100100
01110101101
01110110101
01110111110
01111000110
01111001111
01111010111
01111011111
01111101000
01111110000
01111111000
10000000000
10000001000
10000010000
10000011000
10000100000
10000100111
10000101111
10000110111
10000111110
10001000110
10001001101
10001010101
10001011100
10001100011
10001101010
10001110010
10001111001
10010000000
10010000111
10010001110
10010010101
10010011100
10010100011
10010101010
10010110001
10010111000
10010111110
10011000101
10011001100
10011010010
10011011001
10011100000
10011100110
10011101101
10011110011
10011111010
10100000000
10100000110
10100001101
10100010011
10100011001
10100100000
10100100110
10100101100
10100110010
10100111000
10100111110
10101000101
10101001011
10101010001
10101010111
10101011101
10101100011
10101101001
10101101110
10101110100
10101111010
10110000000
10110000110
10110001100
10110010001
10110010111
10110011101
10110100010
10110101000
10110101110
10110110011
10110111001
10110111111
10111000100
10111001010
10111001111
10111010101
10111011010
10111100000
10111100101
10111101011
10111110000
10111110101
10111111011
11000000000
11000000101
11000001011
11000010000
11000010101
11000011010
11000100000
11000100101
11000101010
11000101111
11000110100
11000111010
11000111111
11001000100
11001001001
11001001110
11001010011
11001011000
11001011101
11001100010
11001100111
11001101100
11001110001
11001110110
11001111011
11010000000
11010000101
11010001010
11010001111
11010010100
11010011000
11010011101
11010100010
11010100111
11010101100
11010110001
11010110101
11010111010
11010111111
11011000100
11011001000
11011001101
11011010010
11011010110
11011011011
11011100000
11011100100
11011101001
11011101110
11011110010
11011110111
11011111011
11100000000
11100000101
11100001001
11100001110
11100010010
11100010111
11100011011
11100100000
11100100100
11100101001
11100101101
11100110010
11100110110
11100111010
11100111111
11101000011
11101001000
11101001100
11101010000
11101010101
11101011001
11101011110
11101100010
11101100110
11101101011
11101101111
11101110011
11101110111
11101111100
11110000000
11110000100
11110001001
11110001101
11110010001
11110010101
11110011001
11110011110
11110100010
11110100110
11110101010
11110101110
11110110011
11110110111
11110111011
11110111111
11111000011
11111000111
11111001011
11111001111
11111010100
11111011000
11111011100
11111100000
11111100100
11111101000
11111101100
11111110000
11111110100
11111111000
11111111100
L
00000000000
00000000000
00000000000
00000000000
00000000001
00000000001
00000000001
00000000010
00000000010
00000000011
00000000011
00000000100
00000000101
00000000101
00000000110
00000000111
00000001000
00000001001
00000001010
00000001011
00000001101
00000001110
00000001111
00000010001
00000010010
00000010100
00000010101
00000010111
00000011001
00000011010
00000011100
00000011110
00000100000
00000100010
00000100100
00000100110
00000101001
00000101011
00000101101
00000110000
00000110010
00000110101
00000110111
00000111010
00000111101
00000111111
00001000010
00001000101
00001001000
00001001011
00001001110
00001010001
00001010101
00001011000
00001011011
00001011111
00001100010
00001100110
00001101001
00001101101
00001110001
00001110100
00001111000
00001111100
00010000000
00010000100
00010001000
00010001100
00010010001
00010010101
00010011001
00010011110
00010100010
00010100111
00010101011
00010110000
00010110101
00010111001
00010111110
00011000011
00011001000
00011001101
00011010010
00011010111
00011011101
00011100010
00011100111
00011101101
00011110010
00011111000
00011111101
00100000011
00100001001
00100001110
00100010100
00100011010
00100100000
00100100110
00100101100
00100110010
00100111001
00100111111
00101000101
00101001100
00101010010
00101011001
00101011111
00101100110
00101101101
00101110011
00101111010
00110000001
00110001000
00110001111
00110010110
00110011101
00110100101
00110101100
00110110011
00110111011
00111000010
00111001010
00111010001
00111011001
00111100001
00111101000
00111110000
00111111000
01000000000
01000001000
01000010000
01000011000
01000100001
01000101001
01000110001
01000111010
01001000010
01001001011
01001010011
01001011100
01001100101
01001101101
01001110110
01001111111
01010001000
01010010001
01010011010
01010100011
01010101101
01010110110
01010111111
01011001001
01011010010
01011011100
01011100101
01011101111
01011111001
01100000010
01100001100
01100010110
01100100000
01100101010
01100110100
01100111110
01101001001
01101010011
01101011101
01101101000
01101110010
01101111101
01110000111
01110010010
01110011101
01110100111
01110110010
01110111101
01111001000
01111010011
01111011110
01111101001
01111110101
10000000000
10000001011
10000010111
10000100010
10000101110
10000111001
10001000101
10001010001
10001011100
10001101000
10001110100
10010000000
10010001100
10010011000
10010100100
10010110001
10010111101
10011001001
10011010110
10011100010
10011101111
10011111011
10100001000
10100010101
10100100001
10100101110
10100111011
10101001000
10101010101
10101100010
10101101111
10101111101
10110001010
10110010111
10110100101
10110110010
10111000000
10111001101
10111011011
10111101001
10111110110
11000000100
11000010010
11000100000
11000101110
11000111100
11001001010
11001011001
11001100111
11001110101
11010000100
11010010010
11010100001
11010101111
11010111110
11011001101
11011011011
11011101010
11011111001
11100001000
11100010111
11100100110
11100110101
11101000101
11101010100
11101100011
11101110011
11110000010
11110010010
11110100001
11110110001
11111000001
11111010000
11111100000
11111110000
L
11111111111
11111111100
11111111000
11111110100
11111110000
11111101100
11111101000
11111100100
11111100000
11111011100
11111011000
11111010100
11111001111
11111001011
11111000111
11111000011
11110111111
11110111011
11110110111
11110110011
11110101110
11110101010
11110100110
11110100010
11110011110
11110011001
11110010101
11110010001
11110001101
11110001001
11110000100
11110000000
11101111100
11101110111
11101110011
11101101111
11101101011
11101100110
11101100010
11101011110
11101011001
11101010101
11101010000
11101001100
11101001000
11101000011
11100111111
11100111010
11100110110
11100110010
11100101101
11100101001
11100100100
11100100000
11100011011
11100010111
11100010010
11100001110
11100001001
11100000101
11100000000
11011111011
11011110111
11011110010
11011101110
11011101001
11011100100
11011100000
11011011011
11011010110
11011010010
11011001101
11011001000
11011000100
11010111111
11010111010
11010110101
11010110001
11010101100
11010100111
11010100010
11010011101
11010011000
11010010100
11010001111
11010001010
11010000101
11010000000
11001111011
11001110110
11001110001
11001101100
11001100111
11001100010
11001011101
11001011000
11001010011
11001001110
11001001001
11001000100
11000111111
11000111010
11000110100
11000101111
11000101010
11000100101
11000100000
11000011010
11000010101
11000010000
11000001011
11000000101
11000000000
10111111011
10111110101
10111110000
10111101011
10111100101
10111100000
10111011010
10111010101
10111001111
10111001010
10111000100
10110111111
10110111001
10110110011
10110101110
10110101000
10110100010
10110011101
10110010111
10110010001
10110001100
10110000110
10110000000
10101111010
10101110100
10101101110
10101101001
10101100011
10101011101
10101010111
10101010001
10101001011
10101000101
10100111110
10100111000
10100110010
10100101100
10100100110
10100100000
10100011001
10100010011
10100001101
10100000110
10100000000
10011111010
10011110011
10011101101
10011100110
10011100000
10011011001
10011010010
10011001100
10011000101
10010111110
10010111000
10010110001
10010101010
10010100011
10010011100
10010010101
10010001110
10010000111
10010000000
10001111001
10001110010
10001101010
10001100011
10001011100
10001010101
10001001101
10001000110
10000111110
10000110111
10000101111
10000100111
10000100000
10000011000
10000010000
10000001000
10000000000
01111111000
01111110000
01111101000
01111011111
01111010111
01111001111
01111000110
01110111110
01110110101
01110101101
01110100100
01110011011
01110010010
01110001001
01110000000
01101110111
01101101110
01101100100
01101011011
01101010001
01101000111
01100111110
01100110100
01100101010
01100011111
01100010101
01100001011
01100000000
01011110101
01011101010
01011011111
01011010100
01011001001
01010111101
01010110001
01010100101
01010011001
01010001101
01010000000
01001110011
01001100110
01001011000
01001001011
01000111100
01000101110
01000011111
01000010000
01000000000
00111110000
00111011111
00111001110
00110111011
00110101001
00110010101
00110000000
00101101010
00101010011
00100111010
00100011110
00100000000
00011011110
00010110101
00010000000
L
11111111111
11111110000
11111100000
11111010000
11111000001
11110110001
11110100001
11110010010
11110000010
11101110011
11101100011
11101010100
11101000101
11100110101
11100100110
11100010111
11100001000
11011111001
11011101010
11011011011
11011001101
11010111110
11010101111
11010100001
11010010010
11010000100
11001110101
11001100111
11001011001
11001001010
11000111100
11000101110
11000100000
11000010010
11000000100
10111110110
10111101001
10111011011
10111001101
10111000000
10110110010
10110100101
10110010111
10110001010
10101111101
10101101111
10101100010
10101010101
10101001000
10100111011
10100101110
10100100001
10100010101
10100001000
10011111011
10011101111
10011100010
10011010110
10011001001
10010111101
10010110001
10010100100
10010011000
10010001100
10010000000
10001110100
10001101000
10001011100
10001010001
10001000101
10000111001
10000101110
10000100010
10000010111
10000001011
10000000000
01111110101
01111101001
01111011110
01111010011
01111001000
01110111101
01110110010
01110100111
01110011101
01110010010
01110000111
01101111101
01101110010
01101101000
01101011101
01101010011
01101001001
01100111110
01100110100
01100101010
01100100000
01100010110
01100001100
01100000010
01011111001
01011101111
01011100101
01011011100
01011010010
01011001001
01010111111
01010110110
01010101101
01010100011
01010011010
01010010001
01010001000
01001111111
01001110110
01001101101
01001100101
01001011100
01001010011
01001001011
01001000010
01000111010
01000110001
01000101001
01000100001
01000011000
01000010000
01000001000
01000000000
00111111000
00111110000
00111101000
00111100001
00111011001
00111010001
00111001010
00111000010
00110111011
00110110011
00110101100
00110100101
00110011101
00110010110
00110001111
00110001000
00110000001
00101111010
00101110011
00101101101
00101100110
00101011111
00101011001
00101010010
00101001100
00101000101
00100111111
00100111001
00100110010
00100101100
00100100110
00100100000
00100011010
00100010100
00100001110
00100001001
00100000011
00011111101
00011111000
00011110010
00011101101
00011100111
00011100010
00011011101
00011010111
00011010010
00011001101
00011001000
00011000011
00010111110
00010111001
00010110101
00010110000
00010101011
00010100111
00010100010
00010011110
00010011001
00010010101
00010010001
00010001100
00010001000
00010000100
00010000000
00001111100
00001111000
00001110100
00001110001
00001101101
00001101001
00001100110
00001100010
00001011111
00001011011
00001011000
00001010101
00001010001
00001001110
00001001011
00001001000
00001000101
00001000010
00000111111
00000111101
00000111010
00000110111
00000110101
00000110010
00000110000
00000101101
00000101011
00000101001
00000100110
00000100100
00000100010
00000100000
00000011110
00000011100
00000011010
00000011001
00000010111
00000010101
00000010100
00000010010
00000010001
00000001111
00000001110
00000001101
00000001011
00000001010
00000001001
00000001000
00000000111
00000000110
00000000101
00000000101
00000000100
00000000011
00000000011
00000000010
00000000010
00000000001
00000000001
00000000001
00000000000
00000000000
00000000000
L
00000000000
00000000000
00000000000
00000000001
00000000010
00000000011
00000000100
00000000110
00000001000
00000001010
00000001100
00000001111
00000010010
00000010101
00000011000
00000011100
00000100000
00000100011
00000101000
00000101100
00000110001
00000110110
00000111011
00001000000
00001000110
00001001011
00001010001
00001010111
00001011110
00001100100
00001101011
00001110001
00001111000
00010000000
00010000111
00010001110
00010010110
00010011110
00010100110
00010101110
00010110110
00010111111
00011000111
00011010000
00011011000
00011100001
00011101010
00011110011
00011111100
00100000110
00100001111
00100011001
00100100010
00100101100
00100110101
00100111111
00101001001
00101010011
00101011101
00101100111
00101110001
00101111011
00110000101
00110001111
00110011010
00110100100
00110101110
00110111000
00111000011
00111001101
00111010111
00111100010
00111101100
00111110111
01000000001
01000001011
01000010110
01000100000
01000101011
01000110101
01000111111
01001001010
01001010100
01001011110
01001101000
01001110011
01001111101
01010000111
01010010001
01010011011
01010100110
01010110000
01010111010
01011000100
01011001110
01011010111
01011100001
01011101011
01011110101
01011111111
01100001000
01100010010
01100011011
01100100101
01100101110
01100111000
01101000001
01101001010
01101010100
01101011101
01101100110
01101101111
01101111000
01110000001
01110001010
01110010011
01110011100
01110100100
01110101101
01110110101
01110111110
01111000110
01111001111
01111010111
01111100000
01111101000
01111110000
01111111000
10000000000
10000001000
10000010000
10000011000
10000100000
10000100111
10000101111
10000110110
10000111110
10001000101
10001001101
10001010100
10001011100
10001100011
10001101010
10001110001
10001111000
10001111111
10010000110
10010001101
10010010100
10010011010
10010100001
10010101000
10010101110
10010110101
10010111011
10011000010
10011001000
10011001110
10011010100
10011011011
10011100001
10011100111
10011101101
10011110011
10011111001
10011111111
10100000100
10100001010
10100010000
10100010101
10100011011
10100100001
10100100110
10100101011
10100110001
10100110110
10100111100
10101000001
10101000110
10101001011
10101010000
10101010101
10101011010
10101011111
10101100100
10101101001
10101101110
10101110011
10101110111
10101111100
10110000001
10110000101
10110001010
10110001110
10110010011
10110010111
10110011100
10110100000
10110100100
10110101001
10110101101
10110110001
10110110101
10110111001
10110111101
10111000010
10111000110
10111001010
10111001101
10111010001
10111010101
10111011001
10111011101
10111100001
10111100100
10111101000
10111101100
10111101111
10111110011
10111110111
10111111010
10111111110
11000000001
11000000100
11000001000
11000001011
11000001111
11000010010
11000010101
11000011000
11000011100
11000011111
11000100010
11000100101
11000101000
11000101011
11000101110
11000110010
11000110101
11000111000
11000111010
11000111101
11001000000
11001000011
11001000110
11001001001
11001001100
11001001110
11001010001
11001010100
11001010111
11001011001
11001011100
11001011111
11001100001
11001100100
L
00000000000
00000000000
00000000000
00000000000
00000000000
00000000000
00000000000
00000000001
00000000001
00000000001
00000000010
00000000010
00000000010
00000000011
00000000011
00000000100
00000000100
00000000101
00000000110
00000000110
00000000111
00000001000
00000001001
00000001010
00000001011
00000001100
00000001101
00000001110
00000001111
00000010000
00000010001
00000010011
00000010100
00000010110
00000010111
00000011001
00000011010
00000011100
00000011110
00000011111
00000100001
00000100011
00000100101
00000100111
00000101001
00000101011
00000101101
00000101111
00000110010
00000110100
00000110110
00000111001
00000111011
00000111110
00001000000
00001000011
00001000110
00001001001
00001001100
00001001111
00001010001
00001010101
00001011000
00001011011
00001011110
00001100001
00001100101
00001101000
00001101100
00001101111
00001110011
00001110110
00001111010
00001111110
00010000010
00010000110
00010001010
00010001110
00010010010
00010010110
00010011010
00010011111
00010100011
00010101000
00010101100
00010110001
00010110101
00010111010
00010111111
00011000100
00011001001
00011001110
00011010011
00011011000
00011011101
00011100010
00011101000
00011101101
00011110010
00011111000
00011111110
00100000011
00100001001
00100001111
00100010101
00100011011
00100100001
00100100111
00100101101
00100110011
00100111001
00101000000
00101000110
00101001101
00101010011
00101011010
00101100001
00101100111
00101101110
00101110101
00101111100
00110000011
00110001010
00110010010
00110011001
00110100000
00110101000
00110101111
00110110111
00110111111
00111000110
00111001110
00111010110
00111011110
00111100110
00111101110
00111110110
00111111110
01000000111
01000001111
01000011000
01000100000
01000101001
01000110001
01000111010
01001000011
01001001100
01001010101
01001011110
01001100111
01001110000
01001111010
01010000011
01010001100
01010010110
01010100000
01010101001
01010110011
01010111101
01011000111
01011010001
01011011011
01011100101
01011101111
01011111001
01100000100
01100001110
01100011001
01100100011
01100101110
01100111001
01101000011
01101001110
01101011001
01101100100
01101101111
01101111011
01110000110
01110010001
01110011101
01110101000
01110110100
01111000000
01111001011
01111010111
01111100011
01111101111
01111111011
10000000111
10000010011
10000100000
10000101100
10000111001
10001000101
10001010010
10001011111
10001101011
10001111000
10010000101
10010010010
10010011111
10010101100
10010111010
10011000111
10011010101
10011100010
10011110000
10011111101
10100001011
10100011001
10100100111
10100110101
10101000011
10101010001
10101011111
10101101110
10101111100
10110001010
10110011001
10110101000
10110110110
10111000101
10111010100
10111100011
10111110010
11000000001
11000010001
11000100000
11000101111
11000111111
11001001110
11001011110
11001101110
11001111101
11010001101
11010011101
11010101101
11010111101
11011001110
11011011110
11011101110
11011111111
11100001111
11100100000
11100110001
11101000010
11101010010
11101100011
11101110100
11110000110
11110010111
11110101000
11110111010
11111001011
11111011101
11111101110
L
00000000000
00011111111
00110010100
00111111110
01001010000
01010010011
01011001100
01011111101
01100101000
01101001111
01101110010
01110010010
01110110000
01111001011
01111100100
01111111100
10000010010
10000100111
10000111011
10001001110
10001100000
10001110001
10010000010
10010010001
10010100000
10010101111
10010111100
10011001010
10011010111
10011100011
10011101111
10011111011
10100000110
10100010001
10100011100
10100100110
10100110000
10100111010
10101000100
10101001101
10101010110
10101011111
10101101000
10101110000
10101111000
10110000001
10110001000
10110010000
10110011000
10110011111
10110100110
10110101110
10110110101
10110111011
10111000010
10111001001
10111001111
10111010110
10111011100
10111100010
10111101000
10111101110
10111110100
10111111010
11000000000
11000000101
11000001011
11000010000
11000010110
11000011011
11000100000
11000100101
11000101010
11000101111
11000110100
11000111001
11000111110
11001000011
11001000111
11001001100
11001010001
11001010101
11001011010
11001011110
11001100010
11001100111
11001101011
11001101111
11001110011
11001110111
11001111011
11010000000
11010000011
11010000111
11010001011
11010001111
11010010011
11010010111
11010011010
11010011110
11010100010
11010100101
11010101001
11010101101
11010110000
11010110100
11010110111
11010111010
11010111110
11011000001
11011000101
11011001000
11011001011
11011001110
11011010010
11011010101
11011011000
11011011011
11011011110
11011100001
11011100100
11011100111
11011101010
11011101101
11011110000
11011110011
11011110110
11011111001
11011111100
11011111111
11100000010
11100000100
11100000111
11100001010
11100001101
11100001111
11100010010
11100010101
11100010111
11100011010
11100011101
11100011111
11100100010
11100100100
11100100111
11100101001
11100101100
11100101110
11100110001
11100110011
11100110110
11100111000
11100111011
11100111101
11100111111
11101000010
11101000100
11101000110
11101001001
11101001011
11101001101
11101010000
11101010010
11101010100
11101010110
11101011001
11101011011
11101011101
11101011111
11101100001
11101100100
11101100110
11101101000
11101101010
11101101100
11101101110
11101110000
11101110010
11101110100
11101110110
11101111000
11101111010
11101111101
11101111111
11110000001
11110000010
11110000100
11110000110
11110001000
11110001010
11110001100
11110001110
11110010000
11110010010
11110010100
11110010110
11110011000
11110011001
11110011011
11110011101
11110011111
11110100001
11110100011
11110100100
11110100110
11110101000
11110101010
11110101100
11110101101
11110101111
11110110001
11110110011
11110110100
11110110110
11110111000
11110111001
11110111011
11110111101
11110111111
11111000000
11111000010
11111000100
11111000101
11111000111
11111001001
11111001010
11111001100
11111001101
11111001111
11111010001
11111010010
11111010100
11111010101
11111010111
11111011001
11111011010
11111011100
11111011101
11111011111
11111100000
11111100010
11111100011
11111100101
11111100110
11111101000
11111101001
11111101011
11111101100
11111101110
11111101111
11111110001
11111110010
11111110100
11111110101
11111110111
11111111000
