000000000000
000000101010
000001001010
000001100110
000010000000
000010011001
000010110001
000011001000
000011011111
000011110101
000100001010
000100100000
000100110100
000101001001
000101011101
000101110000
000110000100
000110010111
000110101010
000110111101
000111010000
000111100010
000111110101
001000000111
001000011001
001000101011
001000111100
001001001110
001001011111
001001110000
001010000010
001010010011
001010100100
001010110100
001011000101
001011010110
001011100110
001011110111
001100000111
001100010111
001100101000
001100111000
001101001000
001101011000
001101101000
001101110111
001110000111
001110010111
001110100110
001110110110
001111000101
001111010101
001111100100
001111110100
010000000011
010000010010
010000100001
010000110000
010000111111
010001001110
010001011101
010001101100
010001111011
010010001010
010010011000
010010100111
010010110110
010011000100
010011010011
010011100001
010011110000
010011111110
010100001100
010100011011
010100101001
010100110111
010101000110
010101010100
010101100010
010101110000
010101111110
010110001100
010110011010
010110101000
010110110110
010111000100
010111010010
010111100000
010111101110
010111111011
011000001001
011000010111
011000100101
011000110010
011001000000
011001001101
011001011011
011001101001
011001110110
011010000100
011010010001
011010011110
011010101100
011010111001
011011000111
011011010100
011011100001
011011101110
011011111100
011100001001
011100010110
011100100011
011100110001
011100111110
011101001011
011101011000
011101100101
011101110010
011101111111
011110001100
011110011001
011110100110
011110110011
011111000000
011111001101
011111011010
011111100110
011111110011
100000000000
100000001101
100000011010
100000100110
100000110011
100001000000
100001001100
100001011001
100001100110
100001110010
100001111111
100010001100
100010011000
100010100101
100010110001
100010111110
100011001010
100011010111
100011100011
100011110000
100011111100
100100001001
100100010101
100100100001
100100101110
100100111010
100101000111
100101010011
100101011111
100101101011
100101111000
100110000100
100110010000
100110011100
100110101001
100110110101
100111000001
100111001101
100111011001
100111100110
100111110010
100111111110
101000001010
101000010110
101000100010
101000101110
101000111010
101001000110
101001010010
101001011110
101001101010
101001110110
101010000010
101010001110
101010011010
101010100110
101010110010
101010111110
101011001010
101011010110
101011100001
101011101101
101011111001
101100000101
101100010001
101100011101
101100101000
101100110100
101101000000
101101001100
101101010111
101101100011
101101101111
101101111010
101110000110
101110010010
101110011101
101110101001
101110110101
101111000000
101111001100
101111011000
101111100011
101111101111
101111111010
110000000110
110000010010
110000011101
110000101001
110000110100
110001000000
110001001011
110001010111
110001100010
110001101110
110001111001
110010000101
110010010000
110010011011
110010100111
110010110010
110010111110
110011001001
110011010100
110011100000
110011101011
110011110110
110100000010
110100001101
110100011000
110100100100
110100101111
110100111010
110101000110
110101010001
110101011100
110101100111
110101110011
110101111110
110110001001
110110010100
110110100000
110110101011
110110110110
110111000001
110111001100
110111010111
110111100011
L
000000000000
000010111110
000100001011
000101000110
000101110111
000110100010
000111001001
000111101101
001000001110
001000101110
001001001011
001001100111
001010000010
001010011100
001010110100
001011001100
001011100011
001011111010
001100001111
001100100100
001100111001
001101001101
001101100000
001101110011
001110000110
001110011000
001110101010
001110111011
001111001101
001111011101
001111101110
001111111110
010000001110
010000011110
010000101110
010000111101
010001001100
010001011011
010001101010
010001111000
010010000110
010010010100
010010100010
010010110000
010010111110
010011001011
010011011000
010011100110
010011110011
010011111111
010100001100
010100011001
010100100101
010100110010
010100111110
010101001010
010101010110
010101100010
010101101110
010101111001
010110000101
010110010000
010110011100
010110100111
010110110010
010110111101
010111001000
010111010011
010111011110
010111101001
010111110100
010111111110
011000001001
011000010011
011000011110
011000101000
011000110010
011000111101
011001000111
011001010001
011001011011
011001100101
011001101111
011001111000
011010000010
011010001100
011010010101
011010011111
011010101000
011010110010
011010111011
011011000101
011011001110
011011010111
011011100000
011011101010
011011110011
011011111100
011100000101
011100001110
011100010111
011100100000
011100101000
011100110001
011100111010
011101000011
011101001011
011101010100
011101011100
011101100101
011101101101
011101110110
011101111110
011110000111
011110001111
011110010111
011110100000
011110101000
011110110000
011110111000
011111000000
011111001000
011111010000
011111011000
011111100000
011111101000
011111110000
011111111000
100000000000
100000001000
100000010000
100000010111
100000011111
100000100111
100000101110
100000110110
100000111110
100001000101
100001001101
100001010100
100001011100
100001100011
100001101011
100001110010
100001111010
100010000001
100010001000
100010010000
100010010111
100010011110
100010100110
100010101101
100010110100
100010111011
100011000010
100011001001
100011010000
100011011000
100011011111
100011100110
100011101101
100011110100
100011111011
100100000010
100100001000
100100001111
100100010110
100100011101
100100100100
100100101011
100100110010
100100111000
100100111111
100101000110
100101001100
100101010011
100101011010
100101100001
100101100111
100101101110
100101110100
100101111011
100110000010
100110001000
100110001111
100110010101
100110011100
100110100010
100110101000
100110101111
100110110101
100110111100
100111000010
100111001000
100111001111
100111010101
100111011011
100111100010
100111101000
100111101110
100111110101
100111111011
101000000001
101000000111
101000001101
101000010100
101000011010
101000100000
101000100110
101000101100
101000110010
101000111000
101000111110
101001000100
101001001011
101001010001
101001010111
101001011101
101001100011
101001101000
101001101110
101001110100
101001111010
101010000000
101010000110
101010001100
101010010010
101010011000
101010011110
101010100011
101010101001
101010101111
101010110101
101010111011
101011000000
101011000110
101011001100
101011010010
101011010111
101011011101
101011100011
101011101000
101011101110
101011110100
101011111001
101011111111
101100000101
101100001010
101100010000
101100010101
101100011011
101100100001
101100100110
101100101100
101100110001
101100110111
L
000000000000
001010011111
001100010011
001101100000
001110011011
001111001011
001111110101
010000011010
010000111010
010001011000
010001110011
010010001101
010010100100
010010111010
010011001111
010011100011
010011110101
010100000111
010100011000
010100101001
010100111000
010101000111
010101010110
010101100100
010101110010
010101111111
010110001011
010110011000
010110100100
010110110000
010110111011
010111000110
010111010001
010111011011
010111100110
010111110000
010111111010
011000000011
011000001101
011000010110
011000011111
011000101000
011000110001
011000111010
011001000010
011001001010
011001010010
011001011011
011001100010
011001101010
011001110010
011001111001
011010000001
011010001000
011010001111
011010010110
011010011101
011010100100
011010101011
011010110010
011010111000
011010111111
011011000101
011011001100
011011010010
011011011000
011011011111
011011100101
011011101011
011011110001
011011110111
011011111100
011100000010
011100001000
011100001101
011100010011
011100011001
011100011110
011100100011
011100101001
011100101110
011100110011
011100111001
011100111110
011101000011
011101001000
011101001101
011101010010
011101010111
011101011100
011101100001
011101100101
011101101010
011101101111
011101110100
011101111000
011101111101
011110000001
011110000110
011110001010
011110001111
011110010011
011110011000
011110011100
011110100000
011110100101
011110101001
011110101101
011110110010
011110110110
011110111010
011110111110
011111000010
011111000110
011111001010
011111001110
011111010010
011111010110
011111011010
011111011110
011111100010
011111100110
011111101010
011111101101
011111110001
011111110101
011111111001
011111111100
100000000000
100000000100
100000000111
100000001011
100000001111
100000010010
100000010110
100000011001
100000011101
100000100000
100000100100
100000100111
100000101011
100000101110
100000110001
100000110101
100000111000
100000111100
100000111111
100001000010
100001000110
100001001001
100001001100
100001001111
100001010011
100001010110
100001011001
100001011100
100001011111
100001100010
100001100110
100001101001
100001101100
100001101111
100001110010
100001110101
100001111000
100001111011
100001111110
100010000001
100010000100
100010000111
100010001010
100010001101
100010010000
100010010011
100010010110
100010011001
100010011100
100010011111
100010100001
100010100100
100010100111
100010101010
100010101101
100010101111
100010110010
100010110101
100010111000
100010111011
100010111101
100011000000
100011000011
100011000101
100011001000
100011001011
100011001110
100011010000
100011010011
100011010110
100011011000
100011011011
100011011101
100011100000
100011100011
100011100101
100011101000
100011101010
100011101101
100011101111
100011110010
100011110100
100011110111
100011111010
100011111100
100011111110
100100000001
100100000011
100100000110
100100001000
100100001011
100100001101
100100010000
100100010010
100100010101
100100010111
100100011001
100100011100
100100011110
100100100000
100100100011
100100100101
100100101000
100100101010
100100101100
100100101111
100100110001
100100110011
100100110101
100100111000
100100111010
100100111100
100100111111
100101000001
100101000011
100101000101
100101001000
100101001010
100101001100
100101001110
100101010000
100101010011
100101010101
100101010111
100101011001
100101011011
100101011110
100101100000
