000000000000
000010110101
000100000000
000100111010
000101101010
000110010101
000110111011
000111011111
001000000000
001000011111
001000111100
001001011000
001001110011
001010001101
001010100101
001010111101
001011010100
001011101010
001100000000
001100010101
001100101010
001100111110
001101010001
001101100100
001101110111
001110001001
001110011011
001110101101
001110111110
001111001111
001111011111
001111110000
010000000000
010000010000
010000100000
010000101111
010000111110
010001001101
010001011100
010001101010
010001111001
010010000111
010010010101
010010100011
010010110001
010010111110
010011001100
010011011001
010011100110
010011110011
010100000000
010100001101
010100011001
010100100110
010100110010
010100111110
010101001011
010101010111
010101100011
010101101110
010101111010
010110000110
010110010001
010110011101
010110101000
010110110011
010110111111
010111001010
010111010101
010111100000
010111101011
010111110101
011000000000
011000001011
011000010101
011000100000
011000101010
011000110100
011000111111
011001001001
011001010011
011001011101
011001100111
011001110001
011001111011
011010000101
011010001111
011010011000
011010100010
011010101100
011010110101
011010111111
011011001000
011011010010
011011011011
011011100100
011011101110
011011110111
011100000000
011100001001
011100010010
011100011011
011100100100
011100101101
011100110110
011100111111
011101001000
011101010000
011101011001
011101100010
011101101011
011101110011
011101111100
011110000100
011110001101
011110010101
011110011110
011110100110
011110101110
011110110111
011110111111
011111000111
011111001111
011111011000
011111100000
011111101000
011111110000
011111111000
100000000000
100000001000
100000010000
100000011000
100000100000
100000101000
100000101111
100000110111
100000111111
100001000111
100001001110
100001010110
100001011110
100001100101
100001101101
100001110101
100001111100
100010000100
100010001011
100010010011
100010011010
100010100010
100010101001
100010110000
100010111000
100010111111
100011000110
100011001110
100011010101
100011011100
100011100011
100011101011
100011110010
100011111001
100100000000
100100000111
100100001110
100100010101
100100011100
100100100011
100100101010
100100110001
100100111000
100100111111
100101000110
100101001101
100101010100
100101011011
100101100001
100101101000
100101101111
100101110110
100101111101
100110000011
100110001010
100110010001
100110010111
100110011110
100110100101
100110101011
100110110010
100110111001
100110111111
100111000110
100111001100
100111010011
100111011001
100111100000
100111100110
100111101101
100111110011
100111111010
101000000000
101000000110
101000001101
101000010011
101000011001
101000100000
101000100110
101000101100
101000110011
101000111001
101000111111
101001000101
101001001100
101001010010
101001011000
101001011110
101001100100
101001101011
101001110001
101001110111
101001111101
101010000011
101010001001
101010001111
101010010101
101010011011
101010100001
101010100111
101010101101
101010110011
101010111001
101010111111
101011000101
101011001011
101011010001
101011010111
101011011101
101011100011
101011101001
101011101110
101011110100
101011111010
101100000000
101100000110
101100001100
101100010001
101100010111
101100011101
101100100011
101100101000
101100101110
101100110100
101100111010
101100111111
101101000101
101101001011
101101010000
101101010110
101101011100
101101100001
101101100111
101101101100
101101110010
101101111000
101101111101
101110000011
101110001000
101110001110
101110010011
101110011001
101110011110
101110100100
101110101001
101110101111
101110110100
101110111010
101110111111
101111000101
101111001010
101111010000
101111010101
101111011010
101111100000
101111100101
101111101011
101111110000
101111110101
101111111011
110000000000
110000000101
110000001011
110000010000
110000010101
110000011011
110000100000
110000100101
110000101010
110000110000
110000110101
110000111010
110000111111
110001000101
110001001010
110001001111
110001010100
110001011001
110001011111
110001100100
110001101001
110001101110
110001110011
110001111000
110001111101
110010000011
110010001000
110010001101
110010010010
110010010111
110010011100
110010100001
110010100110
110010101011
110010110000
110010110101
110010111010
110010111111
110011000100
110011001001
110011001110
110011010011
110011011000
110011011101
110011100010
110011100111
110011101100
110011110001
110011110110
110011111011
110100000000
110100000101
110100001010
110100001111
110100010100
110100011001
110100011101
110100100010
110100100111
110100101100
110100110001
110100110110
110100111011
110100111111
110101000100
110101001001
110101001110
110101010011
110101010111
110101011100
110101100001
110101100110
110101101011
110101101111
110101110100
110101111001
110101111110
110110000010
110110000111
110110001100
110110010001
110110010101
110110011010
110110011111
110110100011
110110101000
110110101101
110110110001
110110110110
110110111011
110110111111
110111000100
110111001001
110111001101
110111010010
110111010111
110111011011
110111100000
110111100100
110111101001
110111101110
110111110010
110111110111
110111111011
111000000000
111000000101
111000001001
111000001110
111000010010
111000010111
111000011011
111000100000
111000100100
111000101001
111000101101
111000110010
111000110110
111000111011
111000111111
111001000100
111001001000
111001001101
111001010001
111001010110
111001011010
111001011111
111001100011
111001101000
111001101100
111001110001
111001110101
111001111001
111001111110
111010000010
111010000111
111010001011
111010001111
111010010100
111010011000
111010011101
111010100001
111010100101
111010101010
111010101110
111010110010
111010110111
111010111011
111010111111
111011000100
111011001000
111011001100
111011010001
111011010101
111011011001
111011011110
111011100010
111011100110
111011101011
111011101111
111011110011
111011110111
111011111100
111100000000
111100000100
111100001001
111100001101
111100010001
111100010101
111100011010
111100011110
111100100010
111100100110
111100101010
111100101111
111100110011
111100110111
111100111011
111100111111
111101000100
111101001000
111101001100
111101010000
111101010100
111101011001
111101011101
111101100001
111101100101
111101101001
111101101101
111101110010
111101110110
111101111010
111101111110
111110000010
111110000110
111110001010
111110001110
111110010011
111110010111
111110011011
111110011111
111110100011
111110100111
111110101011
111110101111
111110110011
111110110111
111110111011
111110111111
111111000100
111111001000
111111001100
111111010000
111111010100
111111011000
111111011100
111111100000
111111100100
111111101000
111111101100
111111110000
111111110100
111111111000
111111111100
L
000000000000
000000000000
000000000000
000000000000
000000000000
000000000000
000000000001
000000000001
000000000001
000000000001
000000000010
000000000010
000000000010
000000000011
000000000011
000000000100
000000000100
000000000101
000000000101
000000000110
000000000110
000000000111
000000001000
000000001000
000000001001
000000001010
000000001011
000000001011
000000001100
000000001101
000000001110
000000001111
000000010000
000000010001
000000010010
000000010011
000000010100
000000010101
000000010111
000000011000
000000011001
000000011010
000000011100
000000011101
000000011110
000000100000
000000100001
000000100011
000000100100
000000100110
000000100111
000000101001
000000101010
000000101100
000000101110
000000101111
000000110001
000000110011
000000110101
000000110110
000000111000
000000111010
000000111100
000000111110
000001000000
000001000010
000001000100
000001000110
000001001000
000001001010
000001001101
000001001111
000001010001
000001010011
000001010110
000001011000
000001011010
000001011101
000001011111
000001100010
000001100100
000001100111
000001101001
000001101100
000001101110
000001110001
000001110100
000001110110
000001111001
000001111100
000001111111
000010000001
000010000100
000010000111
000010001010
000010001101
000010010000
000010010011
000010010110
000010011001
000010011100
000010011111
000010100011
000010100110
000010101001
000010101100
000010110000
000010110011
000010110110
000010111010
000010111101
000011000001
000011000100
000011001000
000011001011
000011001111
000011010010
000011010110
000011011010
000011011101
000011100001
000011100101
000011101001
000011101100
000011110000
000011110100
000011111000
000011111100
000100000000
000100000100
000100001000
000100001100
000100010000
000100010100
000100011001
000100011101
000100100001
000100100101
000100101010
000100101110
000100110010
000100110111
000100111011
000101000000
000101000100
000101001001
000101001101
000101010010
000101010110
000101011011
000101100000
000101100100
000101101001
000101101110
000101110011
000101110111
000101111100
000110000001
000110000110
000110001011
000110010000
000110010101
000110011010
000110011111
000110100100
000110101001
000110101111
000110110100
000110111001
000110111110
000111000100
000111001001
000111001110
000111010100
000111011001
000111011111
000111100100
000111101010
000111101111
000111110101
000111111010
001000000000
001000000110
001000001011
001000010001
001000010111
001000011101
001000100010
001000101000
001000101110
001000110100
001000111010
001001000000
001001000110
001001001100
001001010010
001001011000
001001011110
001001100101
001001101011
001001110001
001001110111
001001111110
001010000100
001010001010
001010010001
001010010111
001010011110
001010100100
001010101011
001010110001
001010111000
001010111110
001011000101
001011001100
001011010010
001011011001
001011100000
001011100111
001011101101
001011110100
001011111011
001100000010
001100001001
001100010000
001100010111
001100011110
001100100101
001100101100
001100110011
001100111011
001101000010
001101001001
001101010000
001101011000
001101011111
001101100110
001101101110
001101110101
001101111101
001110000100
001110001100
001110010011
001110011011
001110100010
001110101010
001110110010
001110111001
001111000001
001111001001
001111010001
001111011000
001111100000
001111101000
001111110000
001111111000
010000000000
010000001000
010000010000
010000011000
010000100000
010000101000
010000110001
010000111001
010001000001
010001001001
010001010010
010001011010
010001100010
010001101011
010001110011
010001111100
010010000100
010010001101
010010010101
010010011110
010010100110
010010101111
010010111000
010011000000
010011001001
010011010010
010011011011
010011100011
010011101100
010011110101
010011111110
010100000111
010100010000
010100011001
010100100010
010100101011
010100110100
010100111101
010101000111
010101010000
010101011001
010101100010
010101101100
010101110101
010101111110
010110001000
010110010001
010110011011
010110100100
010110101110
010110110111
010111000001
010111001010
010111010100
010111011110
010111100111
010111110001
010111111011
011000000101
011000001110
011000011000
011000100010
011000101100
011000110110
011001000000
011001001010
011001010100
011001011110
011001101000
011001110010
011001111101
011010000111
011010010001
011010011011
011010100110
011010110000
011010111010
011011000101
011011001111
011011011010
011011100100
011011101111
011011111001
011100000100
011100001110
011100011001
011100100100
011100101110
011100111001
011101000100
011101001111
011101011001
011101100100
011101101111
011101111010
011110000101
011110010000
011110011011
011110100110
011110110001
011110111100
011111000111
011111010011
011111011110
011111101001
011111110100
100000000000
100000001011
100000010110
100000100010
100000101101
100000111001
100001000100
100001010000
100001011011
100001100111
100001110010
100001111110
100010001010
100010010101
100010100001
100010101101
100010111001
100011000100
100011010000
100011011100
100011101000
100011110100
100100000000
100100001100
100100011000
100100100100
100100110000
100100111100
100101001001
100101010101
100101100001
100101101101
100101111010
100110000110
100110010010
100110011111
100110101011
100110111000
100111000100
100111010001
100111011101
100111101010
100111110110
101000000011
101000010000
101000011100
101000101001
101000110110
101001000011
101001001111
101001011100
101001101001
101001110110
101010000011
101010010000
101010011101
101010101010
101010110111
101011000100
101011010001
101011011111
101011101100
101011111001
101100000110
101100010100
101100100001
101100101110
101100111100
101101001001
101101010111
101101100100
101101110010
101101111111
101110001101
101110011010
101110101000
101110110110
101111000011
101111010001
101111011111
101111101101
101111111010
110000001000
110000010110
110000100100
110000110010
110001000000
110001001110
110001011100
110001101010
110001111000
110010000110
110010010101
110010100011
110010110001
110010111111
110011001110
110011011100
110011101010
110011111001
110100000111
110100010110
110100100100
110100110011
110101000001
110101010000
110101011110
110101101101
110101111100
110110001010
110110011001
110110101000
110110110111
110111000101
110111010100
110111100011
110111110010
111000000001
111000010000
111000011111
111000101110
111000111101
111001001100
111001011011
111001101011
111001111010
111010001001
111010011000
111010101000
111010110111
111011000110
111011010110
111011100101
111011110101
111100000100
111100010100
111100100011
111100110011
111101000010
111101010010
111101100010
111101110001
111110000001
111110010001
111110100001
111110110000
111111000000
111111010000
111111100000
111111110000
L
111111111111
111111111100
111111111000
111111110100
111111110000
111111101100
111111101000
111111100100
111111100000
111111011100
111111011000
111111010100
111111010000
111111001100
111111001000
111111000100
111110111111
111110111011
111110110111
111110110011
111110101111
111110101011
111110100111
111110100011
111110011111
111110011011
111110010111
111110010011
111110001110
111110001010
111110000110
111110000010
111101111110
111101111010
111101110110
111101110010
111101101101
111101101001
111101100101
111101100001
111101011101
111101011001
111101010100
111101010000
111101001100
111101001000
111101000100
111100111111
111100111011
111100110111
111100110011
111100101111
111100101010
111100100110
111100100010
111100011110
111100011010
111100010101
111100010001
111100001101
111100001001
111100000100
111100000000
111011111100
111011110111
111011110011
111011101111
111011101011
111011100110
111011100010
111011011110
111011011001
111011010101
111011010001
111011001100
111011001000
111011000100
111010111111
111010111011
111010110111
111010110010
111010101110
111010101010
111010100101
111010100001
111010011101
111010011000
111010010100
111010001111
111010001011
111010000111
111010000010
111001111110
111001111001
111001110101
111001110001
111001101100
111001101000
111001100011
111001011111
111001011010
111001010110
111001010001
111001001101
111001001000
111001000100
111000111111
111000111011
111000110110
111000110010
111000101101
111000101001
111000100100
111000100000
111000011011
111000010111
111000010010
111000001110
111000001001
111000000101
111000000000
110111111011
110111110111
110111110010
110111101110
110111101001
110111100100
110111100000
110111011011
110111010111
110111010010
110111001101
110111001001
110111000100
110110111111
110110111011
110110110110
110110110001
110110101101
110110101000
110110100011
110110011111
110110011010
110110010101
110110010001
110110001100
110110000111
110110000010
110101111110
110101111001
110101110100
110101101111
110101101011
110101100110
110101100001
110101011100
110101010111
110101010011
110101001110
110101001001
110101000100
110100111111
110100111011
110100110110
110100110001
110100101100
110100100111
110100100010
110100011101
110100011001
110100010100
110100001111
110100001010
110100000101
110100000000
110011111011
110011110110
110011110001
110011101100
110011100111
110011100010
110011011101
110011011000
110011010011
110011001110
110011001001
110011000100
110010111111
110010111010
110010110101
110010110000
110010101011
110010100110
110010100001
110010011100
110010010111
110010010010
110010001101
110010001000
110010000011
110001111101
110001111000
110001110011
110001101110
110001101001
110001100100
110001011111
110001011001
110001010100
110001001111
110001001010
110001000101
110000111111
110000111010
110000110101
110000110000
110000101010
110000100101
110000100000
110000011011
110000010101
110000010000
110000001011
110000000101
110000000000
101111111011
101111110101
101111110000
101111101011
101111100101
101111100000
101111011010
101111010101
101111010000
101111001010
101111000101
101110111111
101110111010
101110110100
101110101111
101110101001
101110100100
101110011110
101110011001
101110010011
101110001110
101110001000
101110000011
101101111101
101101111000
101101110010
101101101100
101101100111
101101100001
101101011100
101101010110
101101010000
101101001011
101101000101
101100111111
101100111010
101100110100
101100101110
101100101000
101100100011
101100011101
101100010111
101100010001
101100001100
101100000110
101100000000
101011111010
101011110100
101011101110
101011101001
101011100011
101011011101
101011010111
101011010001
101011001011
101011000101
101010111111
101010111001
101010110011
101010101101
101010100111
101010100001
101010011011
101010010101
101010001111
101010001001
101010000011
101001111101
101001110111
101001110001
101001101011
101001100100
101001011110
101001011000
101001010010
101001001100
101001000101
101000111111
101000111001
101000110011
101000101100
101000100110
101000100000
101000011001
101000010011
101000001101
101000000110
101000000000
100111111010
100111110011
100111101101
100111100110
100111100000
100111011001
100111010011
100111001100
100111000110
100110111111
100110111001
100110110010
100110101011
100110100101
100110011110
100110010111
100110010001
100110001010
100110000011
100101111101
100101110110
100101101111
100101101000
100101100001
100101011011
100101010100
100101001101
100101000110
100100111111
100100111000
100100110001
100100101010
100100100011
100100011100
100100010101
100100001110
100100000111
100100000000
100011111001
100011110010
100011101011
100011100011
100011011100
100011010101
100011001110
100011000110
100010111111
100010111000
100010110000
100010101001
100010100010
100010011010
100010010011
100010001011
100010000100
100001111100
100001110101
100001101101
100001100101
100001011110
100001010110
100001001110
100001000111
100000111111
100000110111
100000101111
100000101000
100000100000
100000011000
100000010000
100000001000
100000000000
011111111000
011111110000
011111101000
011111100000
011111011000
011111001111
011111000111
011110111111
011110110111
011110101110
011110100110
011110011110
011110010101
011110001101
011110000100
011101111100
011101110011
011101101011
011101100010
011101011001
011101010000
011101001000
011100111111
011100110110
011100101101
011100100100
011100011011
011100010010
011100001001
011100000000
011011110111
011011101110
011011100100
011011011011
011011010010
011011001000
011010111111
011010110101
011010101100
011010100010
011010011000
011010001111
011010000101
011001111011
011001110001
011001100111
011001011101
011001010011
011001001001
011000111111
011000110100
011000101010
011000100000
011000010101
011000001011
011000000000
010111110101
010111101011
010111100000
010111010101
010111001010
010110111111
010110110011
010110101000
010110011101
010110010001
010110000110
010101111010
010101101110
010101100011
010101010111
010101001011
010100111110
010100110010
010100100110
010100011001
010100001101
010100000000
010011110011
010011100110
010011011001
010011001100
010010111110
010010110001
010010100011
010010010101
010010000111
010001111001
010001101010
010001011100
010001001101
010000111110
010000101111
010000100000
010000010000
010000000000
001111110000
001111011111
001111001111
001110111110
001110101101
001110011011
001110001001
001101110111
001101100100
001101010001
001100111110
001100101010
001100010101
001100000000
001011101010
001011010100
001010111101
001010100101
001010001101
001001110011
001001011000
001000111100
001000011111
001000000000
000111011111
000110111011
000110010101
000101101010
000100111010
000100000000
000010110101
L
111111111111
111111110000
111111100000
111111010000
111111000000
111110110000
111110100001
111110010001
111110000001
111101110001
111101100010
111101010010
111101000010
111100110011
111100100011
111100010100
111100000100
111011110101
111011100101
111011010110
111011000110
111010110111
111010101000
111010011000
111010001001
111001111010
111001101011
111001011011
111001001100
111000111101
111000101110
111000011111
111000010000
111000000001
110111110010
110111100011
110111010100
110111000101
110110110111
110110101000
110110011001
110110001010
110101111100
110101101101
110101011110
110101010000
110101000001
110100110011
110100100100
110100010110
110100000111
110011111001
110011101010
110011011100
110011001110
110010111111
110010110001
110010100011
110010010101
110010000110
110001111000
110001101010
110001011100
110001001110
110001000000
110000110010
110000100100
110000010110
110000001000
101111111010
101111101101
101111011111
101111010001
101111000011
101110110110
101110101000
101110011010
101110001101
101101111111
101101110010
101101100100
101101010111
101101001001
101100111100
101100101110
101100100001
101100010100
101100000110
101011111001
101011101100
101011011111
101011010001
101011000100
101010110111
101010101010
101010011101
101010010000
101010000011
101001110110
101001101001
101001011100
101001001111
101001000011
101000110110
101000101001
101000011100
101000010000
101000000011
100111110110
100111101010
100111011101
100111010001
100111000100
100110111000
100110101011
100110011111
100110010010
100110000110
100101111010
100101101101
100101100001
100101010101
100101001001
100100111100
100100110000
100100100100
100100011000
100100001100
100100000000
100011110100
100011101000
100011011100
100011010000
100011000100
100010111001
100010101101
100010100001
100010010101
100010001010
100001111110
100001110010
100001100111
100001011011
100001010000
100001000100
100000111001
100000101101
100000100010
100000010110
100000001011
100000000000
011111110100
011111101001
011111011110
011111010011
011111000111
011110111100
011110110001
011110100110
011110011011
011110010000
011110000101
011101111010
011101101111
011101100100
011101011001
011101001111
011101000100
011100111001
011100101110
011100100100
011100011001
011100001110
011100000100
011011111001
011011101111
011011100100
011011011010
011011001111
011011000101
011010111010
011010110000
011010100110
011010011011
011010010001
011010000111
011001111101
011001110010
011001101000
011001011110
011001010100
011001001010
011001000000
011000110110
011000101100
011000100010
011000011000
011000001110
011000000101
010111111011
010111110001
010111100111
010111011110
010111010100
010111001010
010111000001
010110110111
010110101110
010110100100
010110011011
010110010001
010110001000
010101111110
010101110101
010101101100
010101100010
010101011001
010101010000
010101000111
010100111101
010100110100
010100101011
010100100010
010100011001
010100010000
010100000111
010011111110
010011110101
010011101100
010011100011
010011011011
010011010010
010011001001
010011000000
010010111000
010010101111
010010100110
010010011110
010010010101
010010001101
010010000100
010001111100
010001110011
010001101011
010001100010
010001011010
010001010010
010001001001
010001000001
010000111001
010000110001
010000101000
010000100000
010000011000
010000010000
010000001000
010000000000
001111111000
001111110000
001111101000
001111100000
001111011000
001111010001
001111001001
001111000001
001110111001
001110110010
001110101010
001110100010
001110011011
001110010011
001110001100
001110000100
001101111101
001101110101
001101101110
001101100110
001101011111
001101011000
001101010000
001101001001
001101000010
001100111011
001100110011
001100101100
001100100101
001100011110
001100010111
001100010000
001100001001
001100000010
001011111011
001011110100
001011101101
001011100111
001011100000
001011011001
001011010010
001011001100
001011000101
001010111110
001010111000
001010110001
001010101011
001010100100
001010011110
001010010111
001010010001
001010001010
001010000100
001001111110
001001110111
001001110001
001001101011
001001100101
001001011110
001001011000
001001010010
001001001100
001001000110
001001000000
001000111010
001000110100
001000101110
001000101000
001000100010
001000011101
001000010111
001000010001
001000001011
001000000110
001000000000
000111111010
000111110101
000111101111
000111101010
000111100100
000111011111
000111011001
000111010100
000111001110
000111001001
000111000100
000110111110
000110111001
000110110100
000110101111
000110101001
000110100100
000110011111
000110011010
000110010101
000110010000
000110001011
000110000110
000110000001
000101111100
000101110111
000101110011
000101101110
000101101001
000101100100
000101100000
000101011011
000101010110
000101010010
000101001101
000101001001
000101000100
000101000000
000100111011
000100110111
000100110010
000100101110
000100101010
000100100101
000100100001
000100011101
000100011001
000100010100
000100010000
000100001100
000100001000
000100000100
000100000000
000011111100
000011111000
000011110100
000011110000
000011101100
000011101001
000011100101
000011100001
000011011101
000011011010
000011010110
000011010010
000011001111
000011001011
000011001000
000011000100
000011000001
000010111101
000010111010
000010110110
000010110011
000010110000
000010101100
000010101001
000010100110
000010100011
000010011111
000010011100
000010011001
000010010110
000010010011
000010010000
000010001101
000010001010
000010000111
000010000100
000010000001
000001111111
000001111100
000001111001
000001110110
000001110100
000001110001
000001101110
000001101100
000001101001
000001100111
000001100100
000001100010
000001011111
000001011101
000001011010
000001011000
000001010110
000001010011
000001010001
000001001111
000001001101
000001001010
000001001000
000001000110
000001000100
000001000010
000001000000
000000111110
000000111100
000000111010
000000111000
000000110110
000000110101
000000110011
000000110001
000000101111
000000101110
000000101100
000000101010
000000101001
000000100111
000000100110
000000100100
000000100011
000000100001
000000100000
000000011110
000000011101
000000011100
000000011010
000000011001
000000011000
000000010111
000000010101
000000010100
000000010011
000000010010
000000010001
000000010000
000000001111
000000001110
000000001101
000000001100
000000001011
000000001011
000000001010
000000001001
000000001000
000000001000
000000000111
000000000110
000000000110
000000000101
000000000101
000000000100
000000000100
000000000011
000000000011
000000000010
000000000010
000000000010
000000000001
000000000001
000000000001
000000000001
000000000000
000000000000
000000000000
000000000000
000000000000
L
000000000000
000000000000
000000000000
000000000001
000000000001
000000000010
000000000010
000000000011
000000000100
000000000101
000000000110
000000001000
000000001001
000000001011
000000001100
000000001110
000000010000
000000010010
000000010100
000000010110
000000011001
000000011011
000000011110
000000100001
000000100100
000000100111
000000101010
000000101101
000000110000
000000110100
000000110111
000000111011
000000111111
000001000011
000001000111
000001001011
000001001111
000001010100
000001011000
000001011101
000001100010
000001100110
000001101011
000001110000
000001110110
000001111011
000010000000
000010000110
000010001011
000010010001
000010010111
000010011100
000010100010
000010101000
000010101110
000010110101
000010111011
000011000001
000011001000
000011001111
000011010101
000011011100
000011100011
000011101010
000011110001
000011111000
000011111111
000100000111
000100001110
000100010101
000100011101
000100100101
000100101100
000100110100
000100111100
000101000100
000101001100
000101010100
000101011100
000101100100
000101101100
000101110101
000101111101
000110000110
000110001110
000110010111
000110011111
000110101000
000110110001
000110111010
000111000011
000111001100
000111010100
000111011110
000111100111
000111110000
000111111001
001000000010
001000001100
001000010101
001000011110
001000101000
001000110001
001000111011
001001000100
001001001110
001001010111
001001100001
001001101011
001001110101
001001111110
001010001000
001010010010
001010011100
001010100110
001010110000
001010111010
001011000100
001011001110
001011011000
001011100010
001011101100
001011110110
001100000000
001100001010
001100010101
001100011111
001100101001
001100110011
001100111101
001101001000
001101010010
001101011100
001101100111
001101110001
001101111011
001110000110
001110010000
001110011010
001110100101
001110101111
001110111001
001111000100
001111001110
001111011000
001111100011
001111101101
001111111000
010000000010
010000001100
010000010111
010000100001
010000101100
010000110110
010001000000
010001001011
010001010101
010001100000
010001101010
010001110100
010001111111
010010001001
010010010011
010010011110
010010101000
010010110010
010010111100
010011000111
010011010001
010011011011
010011100101
010011110000
010011111010
010100000100
010100001110
010100011000
010100100011
010100101101
010100110111
010101000001
010101001011
010101010101
010101011111
010101101001
010101110011
010101111101
010110000111
010110010001
010110011011
010110100101
010110101111
010110111001
010111000011
010111001100
010111010110
010111100000
010111101010
010111110011
010111111101
011000000111
011000010000
011000011010
011000100100
011000101101
011000110111
011001000000
011001001010
011001010011
011001011101
011001100110
011001110000
011001111001
011010000010
011010001100
011010010101
011010011110
011010100111
011010110001
011010111010
011011000011
011011001100
011011010101
011011011110
011011100111
011011110000
011011111001
011100000010
011100001011
011100010100
011100011101
011100100101
011100101110
011100110111
011101000000
011101001000
011101010001
011101011010
011101100010
011101101011
011101110011
011101111100
011110000100
011110001101
011110010101
011110011110
011110100110
011110101110
011110110111
011110111111
011111000111
011111001111
011111011000
011111100000
011111101000
011111110000
011111111000
100000000000
100000001000
100000010000
100000011000
100000100000
100000101000
100000101111
100000110111
100000111111
100001000111
100001001110
100001010110
100001011110
100001100101
100001101101
100001110100
100001111100
100010000011
100010001011
100010010010
100010011010
100010100001
100010101000
100010110000
100010110111
100010111110
100011000101
100011001101
100011010100
100011011011
100011100010
100011101001
100011110000
100011110111
100011111110
100100000101
100100001100
100100010011
100100011010
100100100000
100100100111
100100101110
100100110101
100100111011
100101000010
100101001001
100101001111
100101010110
100101011101
100101100011
100101101010
100101110000
100101110110
100101111101
100110000011
100110001010
100110010000
100110010110
100110011101
100110100011
100110101001
100110101111
100110110101
100110111011
100111000010
100111001000
100111001110
100111010100
100111011010
100111100000
100111100110
100111101100
100111110001
100111110111
100111111101
101000000011
101000001001
101000001110
101000010100
101000011010
101000100000
101000100101
101000101011
101000110000
101000110110
101000111100
101001000001
101001000111
101001001100
101001010010
101001010111
101001011100
101001100010
101001100111
101001101100
101001110010
101001110111
101001111100
101010000001
101010000111
101010001100
101010010001
101010010110
101010011011
101010100000
101010100101
101010101010
101010101111
101010110100
101010111001
101010111110
101011000011
101011001000
101011001101
101011010010
101011010111
101011011100
101011100000
101011100101
101011101010
101011101111
101011110011
101011111000
101011111101
101100000001
101100000110
101100001011
101100001111
101100010100
101100011000
101100011101
101100100001
101100100110
101100101010
101100101111
101100110011
101100110111
101100111100
101101000000
101101000100
101101001001
101101001101
101101010001
101101010110
101101011010
101101011110
101101100010
101101100110
101101101011
101101101111
101101110011
101101110111
101101111011
101101111111
101110000011
101110000111
101110001011
101110001111
101110010011
101110010111
101110011011
101110011111
101110100011
101110100111
101110101010
101110101110
101110110010
101110110110
101110111010
101110111110
101111000001
101111000101
101111001001
101111001100
101111010000
101111010100
101111010111
101111011011
101111011111
101111100010
101111100110
101111101001
101111101101
101111110001
101111110100
101111111000
101111111011
101111111111
110000000010
110000000110
110000001001
110000001100
110000010000
110000010011
110000010111
110000011010
110000011101
110000100001
110000100100
110000100111
110000101010
110000101110
110000110001
110000110100
110000110111
110000111011
110000111110
110001000001
110001000100
110001000111
110001001010
110001001110
110001010001
110001010100
110001010111
110001011010
110001011101
110001100000
110001100011
110001100110
110001101001
110001101100
110001101111
110001110010
110001110101
110001111000
110001111011
110001111110
110010000001
110010000011
110010000110
110010001001
110010001100
110010001111
110010010010
110010010101
110010010111
110010011010
110010011101
110010100000
110010100010
110010100101
110010101000
110010101011
110010101101
110010110000
110010110011
110010110101
110010111000
110010111011
110010111101
110011000000
110011000010
110011000101
110011001000
110011001010
L
000000000000
000000000000
000000000000
000000000000
000000000000
000000000000
000000000000
000000000000
000000000000
000000000001
000000000001
000000000001
000000000001
000000000001
000000000001
000000000010
000000000010
000000000010
000000000010
000000000011
000000000011
000000000011
000000000100
000000000100
000000000101
000000000101
000000000101
000000000110
000000000110
000000000111
000000000111
000000001000
000000001001
000000001001
000000001010
000000001011
000000001011
000000001100
000000001101
000000001101
000000001110
000000001111
000000010000
000000010001
000000010010
000000010010
000000010011
000000010100
000000010101
000000010110
000000010111
000000011000
000000011001
000000011011
000000011100
000000011101
000000011110
000000011111
000000100000
000000100010
000000100011
000000100100
000000100110
000000100111
000000101000
000000101010
000000101011
000000101101
000000101110
000000110000
000000110001
000000110011
000000110100
000000110110
000000111000
000000111001
000000111011
000000111101
000000111111
000001000000
000001000010
000001000100
000001000110
000001001000
000001001010
000001001100
000001001110
000001010000
000001010010
000001010100
000001010110
000001011000
000001011010
000001011101
000001011111
000001100001
000001100011
000001100110
000001101000
000001101010
000001101101
000001101111
000001110010
000001110100
000001110111
000001111001
000001111100
000001111110
000010000001
000010000100
000010000110
000010001001
000010001100
000010001111
000010010001
000010010100
000010010111
000010011010
000010011101
000010100000
000010100011
000010100110
000010101001
000010101100
000010101111
000010110010
000010110110
000010111001
000010111100
000010111111
000011000011
000011000110
000011001001
000011001101
000011010000
000011010100
000011010111
000011011011
000011011110
000011100010
000011100110
000011101001
000011101101
000011110001
000011110100
000011111000
000011111100
000100000000
000100000100
000100001000
000100001100
000100010000
000100010100
000100011000
000100011100
000100100000
000100100100
000100101000
000100101100
000100110001
000100110101
000100111001
000100111110
000101000010
000101000110
000101001011
000101001111
000101010100
000101011000
000101011101
000101100001
000101100110
000101101011
000101101111
000101110100
000101111001
000101111110
000110000011
000110000111
000110001100
000110010001
000110010110
000110011011
000110100000
000110100101
000110101011
000110110000
000110110101
000110111010
000110111111
000111000101
000111001010
000111001111
000111010101
000111011010
000111011111
000111100101
000111101010
000111110000
000111110110
000111111011
001000000001
001000000111
001000001100
001000010010
001000011000
001000011110
001000100011
001000101001
001000101111
001000110101
001000111011
001001000001
001001000111
001001001101
001001010100
001001011010
001001100000
001001100110
001001101101
001001110011
001001111001
001010000000
001010000110
001010001100
001010010011
001010011001
001010100000
001010100111
001010101101
001010110100
001010111011
001011000001
001011001000
001011001111
001011010110
001011011101
001011100100
001011101011
001011110010
001011111001
001100000000
001100000111
001100001110
001100010101
001100011100
001100100011
001100101011
001100110010
001100111001
001101000001
001101001000
001101010000
001101010111
001101011111
001101100110
001101101110
001101110101
001101111101
001110000101
001110001101
001110010100
001110011100
001110100100
001110101100
001110110100
001110111100
001111000100
001111001100
001111010100
001111011100
001111100100
001111101100
001111110101
001111111101
010000000101
010000001110
010000010110
010000011110
010000100111
010000101111
010000111000
010001000000
010001001001
010001010010
010001011010
010001100011
010001101100
010001110100
010001111101
010010000110
010010001111
010010011000
010010100001
010010101010
010010110011
010010111100
010011000101
010011001110
010011011000
010011100001
010011101010
010011110011
010011111101
010100000110
010100001111
010100011001
010100100010
010100101100
010100110110
010100111111
010101001001
010101010010
010101011100
010101100110
010101110000
010101111010
010110000011
010110001101
010110010111
010110100001
010110101011
010110110101
010111000000
010111001010
010111010100
010111011110
010111101000
010111110011
010111111101
011000000111
011000010010
011000011100
011000100111
011000110001
011000111100
011001000110
011001010001
011001011100
011001100110
011001110001
011001111100
011010000111
011010010010
011010011101
011010101000
011010110011
011010111110
011011001001
011011010100
011011011111
011011101010
011011110101
011100000001
011100001100
011100010111
011100100011
011100101110
011100111010
011101000101
011101010001
011101011100
011101101000
011101110011
011101111111
011110001011
011110010111
011110100010
011110101110
011110111010
011111000110
011111010010
011111011110
011111101010
011111110110
100000000010
100000001111
100000011011
100000100111
100000110011
100001000000
100001001100
100001011000
100001100101
100001110001
100001111110
100010001010
100010010111
100010100100
100010110000
100010111101
100011001010
100011010111
100011100011
100011110000
100011111101
100100001010
100100010111
100100100100
100100110001
100100111111
100101001100
100101011001
100101100110
100101110011
100110000001
100110001110
100110011100
100110101001
100110110111
100111000100
100111010010
100111011111
100111101101
100111111011
101000001000
101000010110
101000100100
101000110010
101001000000
101001001110
101001011100
101001101010
101001111000
101010000110
101010010100
101010100010
101010110000
101010111111
101011001101
101011011011
101011101010
101011111000
101100000110
101100010101
101100100011
101100110010
101101000001
101101001111
101101011110
101101101101
101101111100
101110001010
101110011001
101110101000
101110110111
101111000110
101111010101
101111100100
101111110011
110000000011
110000010010
110000100001
110000110000
110001000000
110001001111
110001011110
110001101110
110001111101
110010001101
110010011100
110010101100
110010111100
110011001011
110011011011
110011101011
110011111011
110100001011
110100011011
110100101011
110100111011
110101001011
110101011011
110101101011
110101111011
110110001011
110110011011
110110101100
110110111100
110111001100
110111011101
110111101101
110111111110
111000001110
111000011111
111000101111
111001000000
111001010001
111001100010
111001110010
111010000011
111010010100
111010100101
111010110110
111011000111
111011011000
111011101001
111011111010
111100001011
111100011100
111100101110
111100111111
111101010000
111101100010
111101110011
111110000101
111110010110
111110101000
111110111001
111111001011
111111011101
111111101110
L
000000000000
000011111111
000110010100
000111111110
001001010000
001010010011
001011001100
001011111101
001100101000
001101001111
001101110010
001110010010
001110110000
001111001011
001111100100
001111111100
010000010010
010000100111
010000111011
010001001110
010001100000
010001110001
010010000010
010010010001
010010100000
010010101111
010010111100
010011001010
010011010111
010011100011
010011101111
010011111011
010100000110
010100010001
010100011100
010100100110
010100110000
010100111010
010101000100
010101001101
010101010110
010101011111
010101101000
010101110000
010101111000
010110000001
010110001000
010110010000
010110011000
010110011111
010110100110
010110101110
010110110101
010110111011
010111000010
010111001001
010111001111
010111010110
010111011100
010111100010
010111101000
010111101110
010111110100
010111111010
011000000000
011000000101
011000001011
011000010000
011000010110
011000011011
011000100000
011000100101
011000101010
011000101111
011000110100
011000111001
011000111110
011001000011
011001000111
011001001100
011001010001
011001010101
011001011010
011001011110
011001100010
011001100111
011001101011
011001101111
011001110011
011001110111
011001111011
011010000000
011010000011
011010000111
011010001011
011010001111
011010010011
011010010111
011010011010
011010011110
011010100010
011010100101
011010101001
011010101101
011010110000
011010110100
011010110111
011010111010
011010111110
011011000001
011011000101
011011001000
011011001011
011011001110
011011010010
011011010101
011011011000
011011011011
011011011110
011011100001
011011100100
011011100111
011011101010
011011101101
011011110000
011011110011
011011110110
011011111001
011011111100
011011111111
011100000010
011100000100
011100000111
011100001010
011100001101
011100001111
011100010010
011100010101
011100010111
011100011010
011100011101
011100011111
011100100010
011100100100
011100100111
011100101001
011100101100
011100101110
011100110001
011100110011
011100110110
011100111000
011100111011
011100111101
011100111111
011101000010
011101000100
011101000110
011101001001
011101001011
011101001101
011101010000
011101010010
011101010100
011101010110
011101011001
011101011011
011101011101
011101011111
011101100001
011101100100
011101100110
011101101000
011101101010
011101101100
011101101110
011101110000
011101110010
011101110100
011101110110
011101111000
011101111010
011101111101
011101111111
011110000001
011110000010
011110000100
011110000110
011110001000
011110001010
011110001100
011110001110
011110010000
011110010010
011110010100
011110010110
011110011000
011110011001
011110011011
011110011101
011110011111
011110100001
011110100011
011110100100
011110100110
011110101000
011110101010
011110101100
011110101101
011110101111
011110110001
011110110011
011110110100
011110110110
011110111000
011110111001
011110111011
011110111101
011110111111
011111000000
011111000010
011111000100
011111000101
011111000111
011111001001
011111001010
011111001100
011111001101
011111001111
011111010001
011111010010
011111010100
011111010101
011111010111
011111011001
011111011010
011111011100
011111011101
011111011111
011111100000
011111100010
011111100011
011111100101
011111100110
011111101000
011111101001
011111101011
011111101100
011111101110
011111101111
011111110001
011111110010
011111110100
011111110101
011111110111
011111111000
011111111001
011111111011
011111111100
011111111110
011111111111
100000000001
100000000010
100000000011
100000000101
100000000110
100000000111
100000001001
100000001010
100000001100
100000001101
100000001110
100000010000
100000010001
100000010010
100000010100
100000010101
100000010110
100000011000
100000011001
100000011010
100000011100
100000011101
100000011110
100000011111
100000100001
100000100010
100000100011
100000100101
100000100110
100000100111
100000101000
100000101010
100000101011
100000101100
100000101101
100000101111
100000110000
100000110001
100000110010
100000110100
100000110101
100000110110
100000110111
100000111000
100000111010
100000111011
100000111100
100000111101
100000111110
100001000000
100001000001
100001000010
100001000011
100001000100
100001000101
100001000111
100001001000
100001001001
100001001010
100001001011
100001001100
100001001110
100001001111
100001010000
100001010001
100001010010
100001010011
100001010100
100001010101
100001010111
100001011000
100001011001
100001011010
100001011011
100001011100
100001011101
100001011110
100001011111
100001100000
100001100001
100001100011
100001100100
100001100101
100001100110
100001100111
100001101000
100001101001
100001101010
100001101011
100001101100
100001101101
100001101110
100001101111
100001110000
100001110001
100001110010
100001110011
100001110100
100001110101
100001110110
100001110111
100001111000
100001111001
100001111010
100001111100
100001111101
100001111110
100001111111
100010000000
100010000000
100010000001
100010000010
100010000011
100010000100
100010000101
100010000110
100010000111
100010001000
100010001001
100010001010
100010001011
100010001100
100010001101
100010001110
100010001111
100010010000
100010010001
100010010010
100010010011
100010010100
100010010101
100010010110
100010010111
100010011000
100010011000
100010011001
100010011010
100010011011
100010011100
100010011101
100010011110
100010011111
100010100000
100010100001
100010100010
100010100011
100010100011
100010100100
100010100101
100010100110
100010100111
100010101000
100010101001
100010101010
100010101011
100010101011
100010101100
100010101101
100010101110
100010101111
100010110000
100010110001
100010110010
100010110010
100010110011
100010110100
100010110101
100010110110
100010110111
100010111000
100010111000
100010111001
100010111010
100010111011
100010111100
100010111101
100010111110
100010111110
100010111111
100011000000
100011000001
100011000010
100011000011
100011000011
100011000100
100011000101
100011000110
100011000111
100011001000
100011001000
100011001001
100011001010
100011001011
100011001100
100011001100
100011001101
100011001110
100011001111
100011010000
100011010000
100011010001
100011010010
100011010011
100011010100
100011010100
100011010101
100011010110
100011010111
100011011000
100011011000
100011011001
100011011010
100011011011
100011011011
100011011100
100011011101
100011011110
100011011110
100011011111
100011100000
100011100001
100011100010
100011100010
100011100011
100011100100
100011100101
100011100101
100011100110
100011100111
100011101000
100011101000
100011101001
100011101010
100011101011
100011101011
100011101100
100011101101
100011101110
100011101110
100011101111
100011110000
100011110000
100011110001
100011110010
100011110011
100011110011
100011110100
100011110101
100011110110
100011110110
100011110111
