00000000000000
00001011010100
00010000000000
00010011100110
00010110101000
00011001010011
00011011101110
00011101111100
00100000000000
00100001111100
00100011110010
00100101100001
00100111001100
00101000110011
00101010010101
00101011110100
00101101010000
00101110101001
00110000000000
00110001010100
00110010100110
00110011110110
00110101000100
00110110010001
00110111011011
00111000100100
00111001101100
00111010110010
00111011110111
00111100111011
00111101111110
00111110111111
01000000000000
01000001000000
01000001111110
01000010111100
01000011111000
01000100110100
01000101110000
01000110101010
01000111100011
01001000011100
01001001010101
01001010001100
01001011000011
01001011111001
01001100101111
01001101100100
01001110011001
01001111001101
01010000000000
01010000110011
01010001100101
01010010010111
01010011001001
01010011111010
01010100101010
01010101011011
01010110001010
01010110111010
01010111101001
01011000010111
01011001000101
01011001110011
01011010100001
01011011001110
01011011111010
01011100100111
01011101010011
01011101111111
01011110101010
01011111010101
01100000000000
01100000101011
01100001010101
01100001111111
01100010101000
01100011010010
01100011111011
01100100100100
01100101001100
01100101110101
01100110011101
01100111000101
01100111101100
01101000010100
01101000111011
01101001100010
01101010001000
01101010101111
01101011010101
01101011111011
01101100100001
01101101000111
01101101101100
01101110010001
01101110110110
01101111011011
01110000000000
01110000100100
01110001001001
01110001101101
01110010010001
01110010110101
01110011011000
01110011111100
01110100011111
01110101000010
01110101100101
01110110001000
01110110101010
01110111001101
01110111101111
01111000010001
01111000110011
01111001010101
01111001110111
01111010011000
01111010111001
01111011011011
01111011111100
01111100011101
01111100111110
01111101011110
01111101111111
01111110011111
01111111000000
01111111100000
10000000000000
10000000100000
10000001000000
10000001011111
10000001111111
10000010011110
10000010111110
10000011011101
10000011111100
10000100011011
10000100111010
10000101011001
10000101110111
10000110010110
10000110110100
10000111010011
10000111110001
10001000001111
10001000101101
10001001001011
10001001101001
10001010000110
10001010100100
10001011000010
10001011011111
10001011111100
10001100011010
10001100110111
10001101010100
10001101110001
10001110001110
10001110101010
10001111000111
10001111100100
10010000000000
10010000011100
10010000111001
10010001010101
10010001110001
10010010001101
10010010101001
10010011000101
10010011100001
10010011111101
10010100011000
10010100110100
10010101001111
10010101101011
10010110000110
10010110100001
10010110111100
10010111010111
10010111110011
10011000001101
10011000101000
10011001000011
10011001011110
10011001111001
10011010010011
10011010101110
10011011001000
10011011100010
10011011111101
10011100010111
10011100110001
10011101001011
10011101100101
10011101111111
10011110011001
10011110110011
10011111001101
10011111100110
10100000000000
10100000011010
10100000110011
10100001001101
10100001100110
10100001111111
10100010011000
10100010110010
10100011001011
10100011100100
10100011111101
10100100010110
10100100101111
10100101001000
10100101100000
10100101111001
10100110010010
10100110101010
10100111000011
10100111011011
10100111110100
10101000001100
10101000100101
10101000111101
10101001010101
10101001101101
10101010000101
10101010011101
10101010110101
10101011001101
10101011100101
10101011111101
10101100010101
10101100101101
10101101000100
10101101011100
10101101110011
10101110001011
10101110100011
10101110111010
10101111010001
10101111101001
10110000000000
10110000010111
10110000101110
10110001000110
10110001011101
10110001110100
10110010001011
10110010100010
10110010111001
10110011010000
10110011100110
10110011111101
10110100010100
10110100101011
10110101000001
10110101011000
10110101101110
10110110000101
10110110011011
10110110110010
10110111001000
10110111011111
10110111110101
10111000001011
10111000100001
10111000111000
10111001001110
10111001100100
10111001111010
10111010010000
10111010100110
10111010111100
10111011010010
10111011100111
10111011111101
10111100010011
10111100101001
10111100111110
10111101010100
10111101101010
10111101111111
10111110010101
10111110101010
10111111000000
10111111010101
10111111101011
11000000000000
11000000010101
11000000101011
11000001000000
11000001010101
11000001101010
11000001111111
11000010010100
11000010101001
11000010111111
11000011010100
11000011101000
11000011111101
11000100010010
11000100100111
11000100111100
11000101010001
11000101100101
11000101111010
11000110001111
11000110100100
11000110111000
11000111001101
11000111100001
11000111110110
11001000001010
11001000011111
11001000110011
11001001000111
11001001011100
11001001110000
11001010000100
11001010011001
11001010101101
11001011000001
11001011010101
11001011101001
11001011111101
11001100010010
11001100100110
11001100111010
11001101001110
11001101100010
11001101110101
11001110001001
11001110011101
11001110110001
11001111000101
11001111011001
11001111101100
11010000000000
11010000010100
11010000100111
11010000111011
11010001001111
11010001100010
11010001110110
11010010001001
11010010011101
11010010110000
11010011000011
11010011010111
11010011101010
11010011111110
11010100010001
11010100100100
11010100110111
11010101001011
11010101011110
11010101110001
11010110000100
11010110010111
11010110101010
11010110111101
11010111010001
11010111100100
11010111110111
11011000001001
11011000011100
11011000101111
11011001000010
11011001010101
11011001101000
11011001111011
11011010001101
11011010100000
11011010110011
11011011000110
11011011011000
11011011101011
11011011111110
11011100010000
11011100100011
11011100110101
11011101001000
11011101011010
11011101101101
11011101111111
11011110010010
11011110100100
11011110110111
11011111001001
11011111011011
11011111101110
11100000000000
11100000010010
11100000100101
11100000110111
11100001001001
11100001011011
11100001101101
11100001111111
11100010010010
11100010100100
11100010110110
11100011001000
11100011011010
11100011101100
11100011111110
11100100010000
11100100100010
11100100110100
11100101000101
11100101010111
11100101101001
11100101111011
11100110001101
11100110011111
11100110110000
11100111000010
11100111010100
11100111100101
11100111110111
11101000001001
11101000011010
11101000101100
11101000111110
11101001001111
11101001100001
11101001110010
11101010000100
11101010010101
11101010100111
11101010111000
11101011001010
11101011011011
11101011101100
11101011111110
11101100001111
11101100100001
11101100110010
11101101000011
11101101010100
11101101100110
11101101110111
11101110001000
11101110011001
11101110101010
11101110111100
11101111001101
11101111011110
11101111101111
11110000000000
11110000010001
11110000100010
11110000110011
11110001000100
11110001010101
11110001100110
11110001110111
11110010001000
11110010011001
11110010101010
11110010111011
11110011001011
11110011011100
11110011101101
11110011111110
11110100001111
11110100011111
11110100110000
11110101000001
11110101010010
11110101100010
11110101110011
11110110000100
11110110010100
11110110100101
11110110110110
11110111000110
11110111010111
11110111100111
11110111111000
11111000001000
11111000011001
11111000101001
11111000111010
11111001001010
11111001011011
11111001101011
11111001111011
11111010001100
11111010011100
11111010101100
11111010111101
11111011001101
11111011011101
11111011101110
11111011111110
11111100001110
11111100011110
11111100101111
11111100111111
11111101001111
11111101011111
11111101101111
11111101111111
11111110010000
11111110100000
11111110110000
11111111000000
11111111010000
11111111100000
11111111110000
L
00000000000000
00000000000000
00000000000000
00000000000001
00000000000001
00000000000010
00000000000010
00000000000011
00000000000100
00000000000101
00000000000110
00000000001000
00000000001001
00000000001011
00000000001100
00000000001110
00000000010000
00000000010010
00000000010100
00000000010111
00000000011001
00000000011100
00000000011110
00000000100001
00000000100100
00000000100111
00000000101010
00000000101110
00000000110001
00000000110101
00000000111000
00000000111100
00000001000000
00000001000100
00000001001000
00000001001101
00000001010001
00000001010110
00000001011010
00000001011111
00000001100100
00000001101001
00000001101110
00000001110100
00000001111001
00000001111111
00000010000100
00000010001010
00000010010000
00000010010110
00000010011100
00000010100011
00000010101001
00000010110000
00000010110110
00000010111101
00000011000100
00000011001011
00000011010010
00000011011010
00000011100001
00000011101001
00000011110000
00000011111000
00000100000000
00000100001000
00000100010000
00000100011001
00000100100001
00000100101010
00000100110010
00000100111011
00000101000100
00000101001101
00000101010110
00000101100000
00000101101001
00000101110011
00000101111100
00000110000110
00000110010000
00000110011010
00000110100100
00000110101111
00000110111001
00000111000100
00000111001110
00000111011001
00000111100100
00000111101111
00000111111010
00001000000110
00001000010001
00001000011101
00001000101000
00001000110100
00001001000000
00001001001100
00001001011000
00001001100101
00001001110001
00001001111110
00001010001010
00001010010111
00001010100100
00001010110001
00001010111110
00001011001100
00001011011001
00001011100111
00001011110100
00001100000010
00001100010000
00001100011110
00001100101100
00001100111011
00001101001001
00001101011000
00001101100110
00001101110101
00001110000100
00001110010011
00001110100010
00001110110010
00001111000001
00001111010001
00001111100000
00001111110000
00010000000000
00010000010000
00010000100000
00010000110001
00010001000001
00010001010010
00010001100010
00010001110011
00010010000100
00010010010101
00010010100110
00010010111000
00010011001001
00010011011011
00010011101100
00010011111110
00010100010000
00010100100010
00010100110100
00010101000111
00010101011001
00010101101100
00010101111110
00010110010001
00010110100100
00010110110111
00010111001010
00010111011110
00010111110001
00011000000101
00011000011000
00011000101100
00011001000000
00011001010100
00011001101000
00011001111101
00011010010001
00011010100110
00011010111010
00011011001111
00011011100100
00011011111001
00011100001110
00011100100100
00011100111001
00011101001111
00011101100100
00011101111010
00011110010000
00011110100110
00011110111100
00011111010011
00011111101001
00100000000000
00100000010110
00100000101101
00100001000100
00100001011011
00100001110010
00100010001010
00100010100001
00100010111001
00100011010000
00100011101000
00100100000000
00100100011000
00100100110000
00100101001001
00100101100001
00100101111010
00100110010010
00100110101011
00100111000100
00100111011101
00100111110110
00101000010000
00101000101001
00101001000011
00101001011100
00101001110110
00101010010000
00101010101010
00101011000100
00101011011111
00101011111001
00101100010100
00101100101110
00101101001001
00101101100100
00101101111111
00101110011010
00101110110110
00101111010001
00101111101101
00110000001000
00110000100100
00110001000000
00110001011100
00110001111000
00110010010101
00110010110001
00110011001110
00110011101010
00110100000111
00110100100100
00110101000001
00110101011110
00110101111100
00110110011001
00110110110111
00110111010100
00110111110010
00111000010000
00111000101110
00111001001100
00111001101011
00111010001001
00111010101000
00111011000110
00111011100101
00111100000100
00111100100011
00111101000010
00111101100010
00111110000001
00111110100001
00111111000000
00111111100000
01000000000000
01000000100000
01000001000000
01000001100001
01000010000001
01000010100010
01000011000010
01000011100011
01000100000100
01000100100101
01000101000110
01000101101000
01000110001001
01000110101011
01000111001100
01000111101110
01001000010000
01001000110010
01001001010100
01001001110111
01001010011001
01001010111100
01001011011110
01001100000001
01001100100100
01001101000111
01001101101010
01001110001110
01001110110001
01001111010101
01001111111000
01010000011100
01010001000000
01010001100100
01010010001000
01010010101101
01010011010001
01010011110110
01010100011010
01010100111111
01010101100100
01010110001001
01010110101110
01010111010100
01010111111001
01011000011111
01011001000100
01011001101010
01011010010000
01011010110110
01011011011100
01011100000011
01011100101001
01011101010000
01011101110110
01011110011101
01011111000100
01011111101011
01100000010010
01100000111010
01100001100001
01100010001001
01100010110000
01100011011000
01100100000000
01100100101000
01100101010000
01100101111001
01100110100001
01100111001010
01100111110010
01101000011011
01101001000100
01101001101101
01101010010110
01101011000000
01101011101001
01101100010011
01101100111100
01101101100110
01101110010000
01101110111010
01101111100100
01110000001111
01110000111001
01110001100100
01110010001110
01110010111001
01110011100100
01110100001111
01110100111010
01110101100110
01110110010001
01110110111101
01110111101000
01111000010100
01111001000000
01111001101100
01111010011000
01111011000101
01111011110001
01111100011110
01111101001010
01111101110111
01111110100100
01111111010001
01111111111110
10000000101100
10000001011001
10000010000111
10000010110100
10000011100010
10000100010000
10000100111110
10000101101100
10000110011011
10000111001001
10000111111000
10001000100110
10001001010101
10001010000100
10001010110011
10001011100010
10001100010010
10001101000001
10001101110001
10001110100000
10001111010000
10010000000000
10010000110000
10010001100000
10010010010001
10010011000001
10010011110010
10010100100010
10010101010011
10010110000100
10010110110101
10010111100110
10011000011000
10011001001001
10011001111011
10011010101100
10011011011110
10011100010000
10011101000010
10011101110100
10011110100111
10011111011001
10100000001100
10100000111110
10100001110001
10100010100100
10100011010111
10100100001010
10100100111110
10100101110001
10100110100101
10100111011000
10101000001100
10101001000000
10101001110100
10101010101000
10101011011101
10101100010001
10101101000110
10101101111010
10101110101111
10101111100100
10110000011001
10110001001110
10110010000100
10110010111001
10110011101111
10110100100100
10110101011010
10110110010000
10110111000110
10110111111100
10111000110011
10111001101001
10111010100000
10111011010110
10111100001101
10111101000100
10111101111011
10111110110010
10111111101010
11000000100001
11000001011001
11000010010000
11000011001000
11000100000000
11000100111000
11000101110000
11000110101001
11000111100001
11001000011010
11001001010010
11001010001011
11001011000100
11001011111101
11001100110110
11001101110000
11001110101001
11001111100011
11010000011100
11010001010110
11010010010000
11010011001010
11010100000100
11010100111111
11010101111001
11010110110100
11010111101110
11011000101001
11011001100100
11011010011111
11011011011010
11011100010110
11011101010001
11011110001101
11011111001000
11100000000100
11100001000000
11100001111100
11100010111000
11100011110101
11100100110001
11100101101110
11100110101010
11100111100111
11101000100100
11101001100001
11101010011110
11101011011100
11101100011001
11101101010111
11101110010100
11101111010010
11110000010000
11110001001110
11110010001100
11110011001011
11110100001001
11110101001000
11110110000110
11110111000101
11111000000100
11111001000011
11111010000010
11111011000010
11111100000001
11111101000001
11111110000000
11111111000000
L
11111111111111
11111111110000
11111111100000
11111111010000
11111111000000
11111110110000
11111110100000
11111110010000
11111101111111
11111101101111
11111101011111
11111101001111
11111100111111
11111100101111
11111100011110
11111100001110
11111011111110
11111011101110
11111011011101
11111011001101
11111010111101
11111010101100
11111010011100
11111010001100
11111001111011
11111001101011
11111001011011
11111001001010
11111000111010
11111000101001
11111000011001
11111000001000
11110111111000
11110111100111
11110111010111
11110111000110
11110110110110
11110110100101
11110110010100
11110110000100
11110101110011
11110101100010
11110101010010
11110101000001
11110100110000
11110100011111
11110100001111
11110011111110
11110011101101
11110011011100
11110011001011
11110010111011
11110010101010
11110010011001
11110010001000
11110001110111
11110001100110
11110001010101
11110001000100
11110000110011
11110000100010
11110000010001
11110000000000
11101111101111
11101111011110
11101111001101
11101110111100
11101110101010
11101110011001
11101110001000
11101101110111
11101101100110
11101101010100
11101101000011
11101100110010
11101100100001
11101100001111
11101011111110
11101011101100
11101011011011
11101011001010
11101010111000
11101010100111
11101010010101
11101010000100
11101001110010
11101001100001
11101001001111
11101000111110
11101000101100
11101000011010
11101000001001
11100111110111
11100111100101
11100111010100
11100111000010
11100110110000
11100110011111
11100110001101
11100101111011
11100101101001
11100101010111
11100101000101
11100100110100
11100100100010
11100100010000
11100011111110
11100011101100
11100011011010
11100011001000
11100010110110
11100010100100
11100010010010
11100001111111
11100001101101
11100001011011
11100001001001
11100000110111
11100000100101
11100000010010
11100000000000
11011111101110
11011111011011
11011111001001
11011110110111
11011110100100
11011110010010
11011101111111
11011101101101
11011101011010
11011101001000
11011100110101
11011100100011
11011100010000
11011011111110
11011011101011
11011011011000
11011011000110
11011010110011
11011010100000
11011010001101
11011001111011
11011001101000
11011001010101
11011001000010
11011000101111
11011000011100
11011000001001
11010111110111
11010111100100
11010111010001
11010110111101
11010110101010
11010110010111
11010110000100
11010101110001
11010101011110
11010101001011
11010100110111
11010100100100
11010100010001
11010011111110
11010011101010
11010011010111
11010011000011
11010010110000
11010010011101
11010010001001
11010001110110
11010001100010
11010001001111
11010000111011
11010000100111
11010000010100
11010000000000
11001111101100
11001111011001
11001111000101
11001110110001
11001110011101
11001110001001
11001101110101
11001101100010
11001101001110
11001100111010
11001100100110
11001100010010
11001011111101
11001011101001
11001011010101
11001011000001
11001010101101
11001010011001
11001010000100
11001001110000
11001001011100
11001001000111
11001000110011
11001000011111
11001000001010
11000111110110
11000111100001
11000111001101
11000110111000
11000110100100
11000110001111
11000101111010
11000101100101
11000101010001
11000100111100
11000100100111
11000100010010
11000011111101
11000011101000
11000011010100
11000010111111
11000010101001
11000010010100
11000001111111
11000001101010
11000001010101
11000001000000
11000000101011
11000000010101
11000000000000
10111111101011
10111111010101
10111111000000
10111110101010
10111110010101
10111101111111
10111101101010
10111101010100
10111100111110
10111100101001
10111100010011
10111011111101
10111011100111
10111011010010
10111010111100
10111010100110
10111010010000
10111001111010
10111001100100
10111001001110
10111000111000
10111000100001
10111000001011
10110111110101
10110111011111
10110111001000
10110110110010
10110110011011
10110110000101
10110101101110
10110101011000
10110101000001
10110100101011
10110100010100
10110011111101
10110011100110
10110011010000
10110010111001
10110010100010
10110010001011
10110001110100
10110001011101
10110001000110
10110000101110
10110000010111
10110000000000
10101111101001
10101111010001
10101110111010
10101110100011
10101110001011
10101101110011
10101101011100
10101101000100
10101100101101
10101100010101
10101011111101
10101011100101
10101011001101
10101010110101
10101010011101
10101010000101
10101001101101
10101001010101
10101000111101
10101000100101
10101000001100
10100111110100
10100111011011
10100111000011
10100110101010
10100110010010
10100101111001
10100101100000
10100101001000
10100100101111
10100100010110
10100011111101
10100011100100
10100011001011
10100010110010
10100010011000
10100001111111
10100001100110
10100001001101
10100000110011
10100000011010
10100000000000
10011111100110
10011111001101
10011110110011
10011110011001
10011101111111
10011101100101
10011101001011
10011100110001
10011100010111
10011011111101
10011011100010
10011011001000
10011010101110
10011010010011
10011001111001
10011001011110
10011001000011
10011000101000
10011000001101
10010111110011
10010111010111
10010110111100
10010110100001
10010110000110
10010101101011
10010101001111
10010100110100
10010100011000
10010011111101
10010011100001
10010011000101
10010010101001
10010010001101
10010001110001
10010001010101
10010000111001
10010000011100
10010000000000
10001111100100
10001111000111
10001110101010
10001110001110
10001101110001
10001101010100
10001100110111
10001100011010
10001011111100
10001011011111
10001011000010
10001010100100
10001010000110
10001001101001
10001001001011
10001000101101
10001000001111
10000111110001
10000111010011
10000110110100
10000110010110
10000101110111
10000101011001
10000100111010
10000100011011
10000011111100
10000011011101
10000010111110
10000010011110
10000001111111
10000001011111
10000001000000
10000000100000
10000000000000
01111111100000
01111111000000
01111110011111
01111101111111
01111101011110
01111100111110
01111100011101
01111011111100
01111011011011
01111010111001
01111010011000
01111001110111
01111001010101
01111000110011
01111000010001
01110111101111
01110111001101
01110110101010
01110110001000
01110101100101
01110101000010
01110100011111
01110011111100
01110011011000
01110010110101
01110010010001
01110001101101
01110001001001
01110000100100
01110000000000
01101111011011
01101110110110
01101110010001
01101101101100
01101101000111
01101100100001
01101011111011
01101011010101
01101010101111
01101010001000
01101001100010
01101000111011
01101000010100
01100111101100
01100111000101
01100110011101
01100101110101
01100101001100
01100100100100
01100011111011
01100011010010
01100010101000
01100001111111
01100001010101
01100000101011
01100000000000
01011111010101
01011110101010
01011101111111
01011101010011
01011100100111
01011011111010
01011011001110
01011010100001
01011001110011
01011001000101
01011000010111
01010111101001
01010110111010
01010110001010
01010101011011
01010100101010
01010011111010
01010011001001
01010010010111
01010001100101
01010000110011
01010000000000
01001111001101
01001110011001
01001101100100
01001100101111
01001011111001
01001011000011
01001010001100
01001001010101
01001000011100
01000111100011
01000110101010
01000101110000
01000100110100
01000011111000
01000010111100
01000001111110
01000001000000
01000000000000
00111110111111
00111101111110
00111100111011
00111011110111
00111010110010
00111001101100
00111000100100
00110111011011
00110110010001
00110101000100
00110011110110
00110010100110
00110001010100
00110000000000
00101110101001
00101101010000
00101011110100
00101010010101
00101000110011
00100111001100
00100101100001
00100011110010
00100001111100
00100000000000
00011101111100
00011011101110
00011001010011
00010110101000
00010011100110
00010000000000
00001011010100
L
11111111111111
11111111000000
11111110000000
11111101000001
11111100000001
11111011000010
11111010000010
11111001000011
11111000000100
11110111000101
11110110000110
11110101001000
11110100001001
11110011001011
11110010001100
11110001001110
11110000010000
11101111010010
11101110010100
11101101010111
11101100011001
11101011011100
11101010011110
11101001100001
11101000100100
11100111100111
11100110101010
11100101101110
11100100110001
11100011110101
11100010111000
11100001111100
11100001000000
11100000000100
11011111001000
11011110001101
11011101010001
11011100010110
11011011011010
11011010011111
11011001100100
11011000101001
11010111101110
11010110110100
11010101111001
11010100111111
11010100000100
11010011001010
11010010010000
11010001010110
11010000011100
11001111100011
11001110101001
11001101110000
11001100110110
11001011111101
11001011000100
11001010001011
11001001010010
11001000011010
11000111100001
11000110101001
11000101110000
11000100111000
11000100000000
11000011001000
11000010010000
11000001011001
11000000100001
10111111101010
10111110110010
10111101111011
10111101000100
10111100001101
10111011010110
10111010100000
10111001101001
10111000110011
10110111111100
10110111000110
10110110010000
10110101011010
10110100100100
10110011101111
10110010111001
10110010000100
10110001001110
10110000011001
10101111100100
10101110101111
10101101111010
10101101000110
10101100010001
10101011011101
10101010101000
10101001110100
10101001000000
10101000001100
10100111011000
10100110100101
10100101110001
10100100111110
10100100001010
10100011010111
10100010100100
10100001110001
10100000111110
10100000001100
10011111011001
10011110100111
10011101110100
10011101000010
10011100010000
10011011011110
10011010101100
10011001111011
10011001001001
10011000011000
10010111100110
10010110110101
10010110000100
10010101010011
10010100100010
10010011110010
10010011000001
10010010010001
10010001100000
10010000110000
10010000000000
10001111010000
10001110100000
10001101110001
10001101000001
10001100010010
10001011100010
10001010110011
10001010000100
10001001010101
10001000100110
10000111111000
10000111001001
10000110011011
10000101101100
10000100111110
10000100010000
10000011100010
10000010110100
10000010000111
10000001011001
10000000101100
01111111111110
01111111010001
01111110100100
01111101110111
01111101001010
01111100011110
01111011110001
01111011000101
01111010011000
01111001101100
01111001000000
01111000010100
01110111101000
01110110111101
01110110010001
01110101100110
01110100111010
01110100001111
01110011100100
01110010111001
01110010001110
01110001100100
01110000111001
01110000001111
01101111100100
01101110111010
01101110010000
01101101100110
01101100111100
01101100010011
01101011101001
01101011000000
01101010010110
01101001101101
01101001000100
01101000011011
01100111110010
01100111001010
01100110100001
01100101111001
01100101010000
01100100101000
01100100000000
01100011011000
01100010110000
01100010001001
01100001100001
01100000111010
01100000010010
01011111101011
01011111000100
01011110011101
01011101110110
01011101010000
01011100101001
01011100000011
01011011011100
01011010110110
01011010010000
01011001101010
01011001000100
01011000011111
01010111111001
01010111010100
01010110101110
01010110001001
01010101100100
01010100111111
01010100011010
01010011110110
01010011010001
01010010101101
01010010001000
01010001100100
01010001000000
01010000011100
01001111111000
01001111010101
01001110110001
01001110001110
01001101101010
01001101000111
01001100100100
01001100000001
01001011011110
01001010111100
01001010011001
01001001110111
01001001010100
01001000110010
01001000010000
01000111101110
01000111001100
01000110101011
01000110001001
01000101101000
01000101000110
01000100100101
01000100000100
01000011100011
01000011000010
01000010100010
01000010000001
01000001100001
01000001000000
01000000100000
01000000000000
00111111100000
00111111000000
00111110100001
00111110000001
00111101100010
00111101000010
00111100100011
00111100000100
00111011100101
00111011000110
00111010101000
00111010001001
00111001101011
00111001001100
00111000101110
00111000010000
00110111110010
00110111010100
00110110110111
00110110011001
00110101111100
00110101011110
00110101000001
00110100100100
00110100000111
00110011101010
00110011001110
00110010110001
00110010010101
00110001111000
00110001011100
00110001000000
00110000100100
00110000001000
00101111101101
00101111010001
00101110110110
00101110011010
00101101111111
00101101100100
00101101001001
00101100101110
00101100010100
00101011111001
00101011011111
00101011000100
00101010101010
00101010010000
00101001110110
00101001011100
00101001000011
00101000101001
00101000010000
00100111110110
00100111011101
00100111000100
00100110101011
00100110010010
00100101111010
00100101100001
00100101001001
00100100110000
00100100011000
00100100000000
00100011101000
00100011010000
00100010111001
00100010100001
00100010001010
00100001110010
00100001011011
00100001000100
00100000101101
00100000010110
00100000000000
00011111101001
00011111010011
00011110111100
00011110100110
00011110010000
00011101111010
00011101100100
00011101001111
00011100111001
00011100100100
00011100001110
00011011111001
00011011100100
00011011001111
00011010111010
00011010100110
00011010010001
00011001111101
00011001101000
00011001010100
00011001000000
00011000101100
00011000011000
00011000000101
00010111110001
00010111011110
00010111001010
00010110110111
00010110100100
00010110010001
00010101111110
00010101101100
00010101011001
00010101000111
00010100110100
00010100100010
00010100010000
00010011111110
00010011101100
00010011011011
00010011001001
00010010111000
00010010100110
00010010010101
00010010000100
00010001110011
00010001100010
00010001010010
00010001000001
00010000110001
00010000100000
00010000010000
00010000000000
00001111110000
00001111100000
00001111010001
00001111000001
00001110110010
00001110100010
00001110010011
00001110000100
00001101110101
00001101100110
00001101011000
00001101001001
00001100111011
00001100101100
00001100011110
00001100010000
00001100000010
00001011110100
00001011100111
00001011011001
00001011001100
00001010111110
00001010110001
00001010100100
00001010010111
00001010001010
00001001111110
00001001110001
00001001100101
00001001011000
00001001001100
00001001000000
00001000110100
00001000101000
00001000011101
00001000010001
00001000000110
00000111111010
00000111101111
00000111100100
00000111011001
00000111001110
00000111000100
00000110111001
00000110101111
00000110100100
00000110011010
00000110010000
00000110000110
00000101111100
00000101110011
00000101101001
00000101100000
00000101010110
00000101001101
00000101000100
00000100111011
00000100110010
00000100101010
00000100100001
00000100011001
00000100010000
00000100001000
00000100000000
00000011111000
00000011110000
00000011101001
00000011100001
00000011011010
00000011010010
00000011001011
00000011000100
00000010111101
00000010110110
00000010110000
00000010101001
00000010100011
00000010011100
00000010010110
00000010010000
00000010001010
00000010000100
00000001111111
00000001111001
00000001110100
00000001101110
00000001101001
00000001100100
00000001011111
00000001011010
00000001010110
00000001010001
00000001001101
00000001001000
00000001000100
00000001000000
00000000111100
00000000111000
00000000110101
00000000110001
00000000101110
00000000101010
00000000100111
00000000100100
00000000100001
00000000011110
00000000011100
00000000011001
00000000010111
00000000010100
00000000010010
00000000010000
00000000001110
00000000001100
00000000001011
00000000001001
00000000001000
00000000000110
00000000000101
00000000000100
00000000000011
00000000000010
00000000000010
00000000000001
00000000000001
00000000000000
00000000000000
L
00000000000000
00000000000000
00000000000001
00000000000010
00000000000100
00000000000110
00000000001001
00000000001100
00000000010000
00000000010100
00000000011001
00000000011110
00000000100100
00000000101010
00000000110001
00000000111000
00000001000000
00000001001000
00000001010001
00000001011010
00000001100011
00000001101110
00000001111000
00000010000011
00000010001111
00000010011011
00000010100111
00000010110100
00000011000010
00000011010000
00000011011110
00000011101101
00000011111100
00000100001100
00000100011100
00000100101101
00000100111110
00000101001111
00000101100001
00000101110100
00000110000110
00000110011010
00000110101101
00000111000010
00000111010110
00000111101011
00001000000000
00001000010110
00001000101100
00001001000011
00001001011010
00001001110001
00001010001001
00001010100001
00001010111010
00001011010011
00001011101100
00001100000110
00001100100000
00001100111010
00001101010101
00001101110000
00001110001100
00001110101000
00001111000100
00001111100000
00001111111101
00010000011010
00010000111000
00010001010110
00010001110100
00010010010010
00010010110001
00010011010000
00010011101111
00010100001111
00010100101111
00010101001111
00010101110000
00010110010001
00010110110010
00010111010011
00010111110101
00011000010110
00011000111001
00011001011011
00011001111101
00011010100000
00011011000011
00011011100111
00011100001010
00011100101110
00011101010010
00011101110110
00011110011011
00011110111111
00011111100100
00100000001001
00100000101110
00100001010011
00100001111001
00100010011111
00100011000101
00100011101011
00100100010001
00100100110111
00100101011110
00100110000101
00100110101011
00100111010010
00100111111010
00101000100001
00101001001000
00101001110000
00101010010111
00101010111111
00101011100111
00101100001111
00101100110111
00101101011111
00101110000111
00101110110000
00101111011000
00110000000001
00110000101010
00110001010010
00110001111011
00110010100100
00110011001101
00110011110110
00110100011111
00110101001000
00110101110001
00110110011010
00110111000100
00110111101101
00111000010110
00111001000000
00111001101001
00111010010010
00111010111100
00111011100101
00111100001111
00111100111000
00111101100010
00111110001100
00111110110101
00111111011111
01000000001000
01000000110010
01000001011011
01000010000101
01000010101110
01000011011000
01000100000010
01000100101011
01000101010101
01000101111110
01000110100111
01000111010001
01000111111010
01001000100100
01001001001101
01001001110110
01001010011111
01001011001001
01001011110010
01001100011011
01001101000100
01001101101101
01001110010110
01001110111111
01001111101000
01010000010001
01010000111001
01010001100010
01010010001011
01010010110011
01010011011100
01010100000100
01010100101100
01010101010101
01010101111101
01010110100101
01010111001101
01010111110101
01011000011101
01011001000101
01011001101100
01011010010100
01011010111011
01011011100011
01011100001010
01011100110010
01011101011001
01011110000000
01011110100111
01011111001110
01011111110101
01100000011011
01100001000010
01100001101000
01100010001111
01100010110101
01100011011011
01100100000001
01100100100111
01100101001101
01100101110011
01100110011001
01100110111110
01100111100100
01101000001001
01101000101110
01101001010011
01101001111001
01101010011101
01101011000010
01101011100111
01101100001011
01101100110000
01101101010100
01101101111000
01101110011101
01101111000001
01101111100100
01110000001000
01110000101100
01110001001111
01110001110011
01110010010110
01110010111001
01110011011100
01110011111111
01110100100010
01110101000101
01110101100111
01110110001010
01110110101100
01110111001110
01110111110000
01111000010010
01111000110100
01111001010101
01111001110111
01111010011000
01111010111010
01111011011011
01111011111100
01111100011101
01111100111110
01111101011110
01111101111111
01111110011111
01111111000000
01111111100000
10000000000000
10000000100000
10000001000000
10000001011111
10000001111111
10000010011110
10000010111110
10000011011101
10000011111100
10000100011011
10000100111010
10000101011000
10000101110111
10000110010101
10000110110100
10000111010010
10000111110000
10001000001110
10001000101100
10001001001001
10001001100111
10001010000101
10001010100010
10001010111111
10001011011100
10001011111001
10001100010110
10001100110011
10001101001111
10001101101100
10001110001000
10001110100100
10001111000000
10001111011100
10001111111000
10010000010100
10010000110000
10010001001011
10010001100111
10010010000010
10010010011101
10010010111000
10010011010011
10010011101110
10010100001001
10010100100011
10010100111110
10010101011000
10010101110010
10010110001100
10010110100110
10010111000000
10010111011010
10010111110100
10011000001101
10011000100110
10011001000000
10011001011001
10011001110010
10011010001011
10011010100100
10011010111101
10011011010101
10011011101110
10011100000110
10011100011111
10011100110111
10011101001111
10011101100111
10011101111111
10011110010110
10011110101110
10011111000110
10011111011101
10011111110100
10100000001100
10100000100011
10100000111010
10100001010001
10100001101000
10100001111110
10100010010101
10100010101011
10100011000010
10100011011000
10100011101110
10100100000100
10100100011010
10100100110000
10100101000110
10100101011100
10100101110001
10100110000111
10100110011100
10100110110010
10100111000111
10100111011100
10100111110001
10101000000110
10101000011011
10101000110000
10101001000100
10101001011001
10101001101101
10101010000001
10101010010110
10101010101010
10101010111110
10101011010010
10101011100110
10101011111010
10101100001101
10101100100001
10101100110100
10101101001000
10101101011011
10101101101110
10101110000010
10101110010101
10101110101000
10101110111011
10101111001101
10101111100000
10101111110011
10110000000101
10110000011000
10110000101010
10110000111101
10110001001111
10110001100001
10110001110011
10110010000101
10110010010111
10110010101001
10110010111010
10110011001100
10110011011110
10110011101111
10110100000000
10110100010010
10110100100011
10110100110100
10110101000101
10110101010110
10110101100111
10110101111000
10110110001001
10110110011001
10110110101010
10110110111011
10110111001011
10110111011011
10110111101100
10110111111100
10111000001100
10111000011100
10111000101100
10111000111100
10111001001100
10111001011100
10111001101100
10111001111011
10111010001011
10111010011010
10111010101010
10111010111001
10111011001001
10111011011000
10111011100111
10111011110110
10111100000101
10111100010100
10111100100011
10111100110010
10111101000001
10111101001111
10111101011110
10111101101100
10111101111011
10111110001001
10111110011000
10111110100110
10111110110100
10111111000010
10111111010000
10111111011110
10111111101100
10111111111010
11000000001000
11000000010110
11000000100100
11000000110001
11000000111111
11000001001101
11000001011010
11000001100111
11000001110101
11000010000010
11000010001111
11000010011101
11000010101010
11000010110111
11000011000100
11000011010001
11000011011110
11000011101010
11000011110111
11000100000100
11000100010001
11000100011101
11000100101010
11000100110110
11000101000011
11000101001111
11000101011011
11000101101000
11000101110100
11000110000000
11000110001100
11000110011000
11000110100100
11000110110000
11000110111100
11000111001000
11000111010100
11000111011111
11000111101011
11000111110111
11001000000010
11001000001110
11001000011001
11001000100101
11001000110000
11001000111100
11001001000111
11001001010010
11001001011101
11001001101000
11001001110100
11001001111111
11001010001010
11001010010101
11001010011111
11001010101010
11001010110101
11001011000000
11001011001011
11001011010101
11001011100000
11001011101010
11001011110101
11001011111111
11001100001010
11001100010100
11001100011111
11001100101001
L
00000000000000
00000000000000
00000000000000
00000000000000
00000000000000
00000000000001
00000000000001
00000000000001
00000000000010
00000000000010
00000000000011
00000000000011
00000000000100
00000000000101
00000000000110
00000000000110
00000000000111
00000000001000
00000000001010
00000000001011
00000000001100
00000000001110
00000000001111
00000000010001
00000000010010
00000000010100
00000000010110
00000000011000
00000000011010
00000000011100
00000000011110
00000000100000
00000000100011
00000000100101
00000000101000
00000000101010
00000000101101
00000000110000
00000000110011
00000000110110
00000000111001
00000000111100
00000000111111
00000001000011
00000001000110
00000001001010
00000001001101
00000001010001
00000001010101
00000001011001
00000001011101
00000001100001
00000001100110
00000001101010
00000001101111
00000001110011
00000001111000
00000001111101
00000010000010
00000010000111
00000010001100
00000010010001
00000010010110
00000010011100
00000010100001
00000010100111
00000010101101
00000010110011
00000010111001
00000010111111
00000011000101
00000011001011
00000011010010
00000011011000
00000011011111
00000011100101
00000011101100
00000011110011
00000011111010
00000100000001
00000100001001
00000100010000
00000100011000
00000100011111
00000100100111
00000100101111
00000100110111
00000100111111
00000101000111
00000101010000
00000101011000
00000101100001
00000101101001
00000101110010
00000101111011
00000110000100
00000110001101
00000110010110
00000110100000
00000110101001
00000110110011
00000110111100
00000111000110
00000111010000
00000111011010
00000111100101
00000111101111
00000111111001
00001000000100
00001000001111
00001000011001
00001000100100
00001000101111
00001000111010
00001001000110
00001001010001
00001001011101
00001001101000
00001001110100
00001010000000
00001010001100
00001010011000
00001010100100
00001010110001
00001010111101
00001011001010
00001011010111
00001011100100
00001011110001
00001011111110
00001100001011
00001100011000
00001100100110
00001100110011
00001101000001
00001101001111
00001101011101
00001101101011
00001101111001
00001110001000
00001110010110
00001110100101
00001110110100
00001111000011
00001111010010
00001111100001
00001111110000
00001111111111
00010000001111
00010000011111
00010000101110
00010000111110
00010001001110
00010001011111
00010001101111
00010001111111
00010010010000
00010010100001
00010010110010
00010011000010
00010011010100
00010011100101
00010011110110
00010100001000
00010100011001
00010100101011
00010100111101
00010101001111
00010101100001
00010101110011
00010110000110
00010110011000
00010110101011
00010110111110
00010111010001
00010111100100
00010111110111
00011000001010
00011000011110
00011000110001
00011001000101
00011001011001
00011001101101
00011010000001
00011010010110
00011010101010
00011010111111
00011011010011
00011011101000
00011011111101
00011100010010
00011100100111
00011100111101
00011101010010
00011101101000
00011101111110
00011110010100
00011110101010
00011111000000
00011111010110
00011111101101
00100000000011
00100000011010
00100000110001
00100001001000
00100001011111
00100001110110
00100010001110
00100010100101
00100010111101
00100011010101
00100011101101
00100100000101
00100100011101
00100100110110
00100101001110
00100101100111
00100110000000
00100110011001
00100110110010
00100111001011
00100111100101
00100111111110
00101000011000
00101000110010
00101001001100
00101001100110
00101010000000
00101010011010
00101010110101
00101011010000
00101011101010
00101100000101
00101100100000
00101100111100
00101101010111
00101101110011
00101110001110
00101110101010
00101111000110
00101111100010
00101111111110
00110000011011
00110000110111
00110001010100
00110001110001
00110010001110
00110010101011
00110011001000
00110011100101
00110100000011
00110100100001
00110100111111
00110101011100
00110101111011
00110110011001
00110110110111
00110111010110
00110111110101
00111000010011
00111000110010
00111001010001
00111001110001
00111010010000
00111010110000
00111011001111
00111011101111
00111100001111
00111100110000
00111101010000
00111101110000
00111110010001
00111110110010
00111111010011
00111111110100
01000000010101
01000000110110
01000001011000
01000001111001
01000010011011
01000010111101
01000011011111
01000100000001
01000100100100
01000101000110
01000101101001
01000110001100
01000110101111
01000111010010
01000111110101
01001000011001
01001000111100
01001001100000
01001010000100
01001010101000
01001011001100
01001011110000
01001100010101
01001100111001
01001101011110
01001110000011
01001110101000
01001111001101
01001111110011
01010000011000
01010000111110
01010001100100
01010010001010
01010010110000
01010011010110
01010011111101
01010100100011
01010101001010
01010101110001
01010110011000
01010110111111
01010111100110
01011000001110
01011000110110
01011001011101
01011010000101
01011010101101
01011011010110
01011011111110
01011100100111
01011101001111
01011101111000
01011110100001
01011111001010
01011111110100
01100000011101
01100001000111
01100001110001
01100010011011
01100011000101
01100011101111
01100100011010
01100101000100
01100101101111
01100110011010
01100111000101
01100111110000
01101000011011
01101001000111
01101001110010
01101010011110
01101011001010
01101011110110
01101100100011
01101101001111
01101101111100
01101110101000
01101111010101
01110000000010
01110000110000
01110001011101
01110010001010
01110010111000
01110011100110
01110100010100
01110101000010
01110101110000
01110110011111
01110111001110
01110111111100
01111000101011
01111001011010
01111010001010
01111010111001
01111011101001
01111100011000
01111101001000
01111101111000
01111110101001
01111111011001
10000000001001
10000000111010
10000001101011
10000010011100
10000011001101
10000011111110
10000100110000
10000101100010
10000110010011
10000111000101
10000111110111
10001000101010
10001001011100
10001010001111
10001011000001
10001011110100
10001100100111
10001101011011
10001110001110
10001111000010
10001111110101
10010000101001
10010001011101
10010010010001
10010011000110
10010011111010
10010100101111
10010101100100
10010110011001
10010111001110
10011000000011
10011000111001
10011001101110
10011010100100
10011011011010
10011100010000
10011101000110
10011101111101
10011110110011
10011111101010
10100000100001
10100001011000
10100010010000
10100011000111
10100011111111
10100100110110
10100101101110
10100110100110
10100111011110
10101000010111
10101001001111
10101010001000
10101011000001
10101011111010
10101100110011
10101101101101
10101110100110
10101111100000
10110000011010
10110001010100
10110010001110
10110011001000
10110100000011
10110100111101
10110101111000
10110110110011
10110111101110
10111000101010
10111001100101
10111010100001
10111011011101
10111100011001
10111101010101
10111110010001
10111111001110
11000000001010
11000001000111
11000010000100
11000011000001
11000011111111
11000100111100
11000101111010
11000110111000
11000111110110
11001000110100
11001001110010
11001010110000
11001011101111
11001100101110
11001101101101
11001110101100
11001111101011
11010000101011
11010001101010
11010010101010
11010011101010
11010100101010
11010101101011
11010110101011
11010111101100
11011000101100
11011001101101
11011010101111
11011011110000
11011100110001
11011101110011
11011110110101
11011111110111
11100000111001
11100001111011
11100010111110
11100100000000
11100101000011
11100110000110
11100111001001
11101000001101
11101001010000
11101010010100
11101011010111
11101100011011
11101101100000
11101110100100
11101111101000
11110000101101
11110001110010
11110010110111
11110011111100
11110101000001
11110110000111
11110111001101
11111000010010
11111001011000
11111010011111
11111011100101
11111100101011
11111101110010
11111110111001
L
00000000000000
00001111111100
00011001010001
00011111111000
00100101000000
00101001001101
00101100110000
00101111110100
00110010100001
00110100111100
00110111001001
00111001001001
00111010111110
00111100101100
00111110010001
00111111110000
01000001001001
01000010011101
01000011101101
01000100111000
01000110000000
01000111000101
01001000000110
01001001000101
01001010000001
01001010111010
01001011110010
01001100101000
01001101011011
01001110001101
01001110111101
01001111101100
01010000011001
01010001000101
01010001110000
01010010011001
01010011000010
01010011101001
01010100001111
01010100110100
01010101011001
01010101111100
01010110011111
01010111000001
01010111100010
01011000000010
01011000100010
01011001000001
01011001011111
01011001111101
01011010011010
01011010110110
01011011010010
01011011101110
01011100001001
01011100100100
01011100111110
01011101010111
01011101110000
01011110001001
01011110100001
01011110111001
01011111010001
01011111101000
01011111111111
01100000010101
01100000101011
01100001000001
01100001010111
01100001101100
01100010000001
01100010010101
01100010101010
01100010111110
01100011010001
01100011100101
01100011111000
01100100001011
01100100011110
01100100110000
01100101000011
01100101010101
01100101100111
01100101111000
01100110001010
01100110011011
01100110101100
01100110111101
01100111001101
01100111011110
01100111101110
01100111111110
01101000001110
01101000011110
01101000101101
01101000111101
01101001001100
01101001011011
01101001101010
01101001111001
01101010000111
01101010010110
01101010100100
01101010110010
01101011000001
01101011001110
01101011011100
01101011101010
01101011111000
01101100000101
01101100010010
01101100100000
01101100101101
01101100111010
01101101000110
01101101010011
01101101100000
01101101101100
01101101111001
01101110000101
01101110010001
01101110011101
01101110101001
01101110110101
01101111000001
01101111001101
01101111011000
01101111100100
01101111101111
01101111111011
01110000000110
01110000010001
01110000011100
01110000100111
01110000110010
01110000111101
01110001001000
01110001010011
01110001011101
01110001101000
01110001110010
01110001111101
01110010000111
01110010010001
01110010011100
01110010100110
01110010110000
01110010111010
01110011000100
01110011001101
01110011010111
01110011100001
01110011101011
01110011110100
01110011111110
01110100000111
01110100010001
01110100011010
01110100100011
01110100101100
01110100110110
01110100111111
01110101001000
01110101010001
01110101011010
01110101100011
01110101101011
01110101110100
01110101111101
01110110000110
01110110001110
01110110010111
01110110011111
01110110101000
01110110110000
01110110111001
01110111000001
01110111001001
01110111010001
01110111011010
01110111100010
01110111101010
01110111110010
01110111111010
01111000000010
01111000001010
01111000010010
01111000011010
01111000100001
01111000101001
01111000110001
01111000111001
01111001000000
01111001001000
01111001001111
01111001010111
01111001011110
01111001100110
01111001101101
01111001110101
01111001111100
01111010000011
01111010001011
01111010010010
01111010011001
01111010100000
01111010100111
01111010101110
01111010110110
01111010111101
01111011000100
01111011001010
01111011010001
01111011011000
01111011011111
01111011100110
01111011101101
01111011110100
01111011111010
01111100000001
01111100001000
01111100001110
01111100010101
01111100011100
01111100100010
01111100101001
01111100101111
01111100110110
01111100111100
01111101000010
01111101001001
01111101001111
01111101010101
01111101011100
01111101100010
01111101101000
01111101101111
01111101110101
01111101111011
01111110000001
01111110000111
01111110001101
01111110010011
01111110011001
01111110011111
01111110100101
01111110101011
01111110110001
01111110110111
01111110111101
01111111000011
01111111001001
01111111001111
01111111010100
01111111011010
01111111100000
01111111100110
01111111101011
01111111110001
01111111110111
01111111111100
10000000000010
10000000001000
10000000001101
10000000010011
10000000011000
10000000011110
10000000100011
10000000101001
10000000101110
10000000110100
10000000111001
10000000111111
10000001000100
10000001001001
10000001001111
10000001010100
10000001011001
10000001011111
10000001100100
10000001101001
10000001101110
10000001110100
10000001111001
10000001111110
10000010000011
10000010001000
10000010001101
10000010010010
10000010011000
10000010011101
10000010100010
10000010100111
10000010101100
10000010110001
10000010110110
10000010111011
10000011000000
10000011000100
10000011001001
10000011001110
10000011010011
10000011011000
10000011011101
10000011100010
10000011100111
10000011101011
10000011110000
10000011110101
10000011111010
10000011111110
10000100000011
10000100001000
10000100001101
10000100010001
10000100010110
10000100011011
10000100011111
10000100100100
10000100101000
10000100101101
10000100110010
10000100110110
10000100111011
10000100111111
10000101000100
10000101001000
10000101001101
10000101010001
10000101010110
10000101011010
10000101011111
10000101100011
10000101100111
10000101101100
10000101110000
10000101110101
10000101111001
10000101111101
10000110000010
10000110000110
10000110001010
10000110001111
10000110010011
10000110010111
10000110011011
10000110100000
10000110100100
10000110101000
10000110101100
10000110110000
10000110110101
10000110111001
10000110111101
10000111000001
10000111000101
10000111001001
10000111001101
10000111010010
10000111010110
10000111011010
10000111011110
10000111100010
10000111100110
10000111101010
10000111101110
10000111110010
10000111110110
10000111111010
10000111111110
10001000000010
10001000000110
10001000001010
10001000001110
10001000010010
10001000010110
10001000011010
10001000011101
10001000100001
10001000100101
10001000101001
10001000101101
10001000110001
10001000110101
10001000111000
10001000111100
10001001000000
10001001000100
10001001001000
10001001001011
10001001001111
10001001010011
10001001010111
10001001011010
10001001011110
10001001100010
10001001100110
10001001101001
10001001101101
10001001110001
10001001110100
10001001111000
10001001111100
10001001111111
10001010000011
10001010000111
10001010001010
10001010001110
10001010010001
10001010010101
10001010011001
10001010011100
10001010100000
10001010100011
10001010100111
10001010101010
10001010101110
10001010110010
10001010110101
10001010111001
10001010111100
10001011000000
10001011000011
10001011000110
10001011001010
10001011001101
10001011010001
10001011010100
10001011011000
10001011011011
10001011011111
10001011100010
10001011100101
10001011101001
10001011101100
10001011110000
10001011110011
10001011110110
10001011111010
10001011111101
10001100000000
10001100000100
10001100000111
10001100001010
10001100001110
10001100010001
10001100010100
10001100011000
10001100011011
10001100011110
10001100100001
10001100100101
10001100101000
10001100101011
10001100101110
10001100110010
10001100110101
10001100111000
10001100111011
10001100111110
10001101000010
10001101000101
10001101001000
10001101001011
10001101001110
10001101010001
10001101010101
10001101011000
10001101011011
10001101011110
10001101100001
10001101100100
10001101100111
10001101101011
10001101101110
10001101110001
10001101110100
10001101110111
10001101111010
10001101111101
10001110000000
10001110000011
10001110000110
10001110001001
10001110001100
10001110001111
10001110010010
10001110010101
10001110011000
10001110011011
10001110011110
10001110100001
10001110100100
10001110100111
10001110101010
10001110101101
10001110110000
10001110110011
10001110110110
10001110111001
10001110111100
10001110111111
10001111000010
10001111000101
10001111001000
10001111001011
10001111001110
10001111010000
10001111010011
10001111010110
10001111011001
10001111011100
