0000000000000000
0000101101010000
0001000000000000
0001001110011001
0001011010100001
0001100101001100
0001101110110110
0001110111101111
0010000000000000
0010000111110001
0010001111000111
0010010110000110
0010011100110001
0010100011001011
0010101001010101
0010101111010001
0010110101000001
0010111010100110
0011000000000000
0011000101010001
0011001010011001
0011001111011001
0011010100010001
0011011001000010
0011011101101101
0011100010010010
0011100110110000
0011101011001010
0011101111011110
0011110011101101
0011110111111000
0011111011111110
0100000000000000
0100000011111110
0100000111111000
0100001011101111
0100001111100010
0100010011010010
0100010110111110
0100011010100111
0100011110001110
0100100001110001
0100100101010010
0100101000110000
0100101100001100
0100101111100101
0100110010111100
0100110110010000
0100111001100010
0100111100110010
0101000000000000
0101000011001100
0101000110010110
0101001001011101
0101001100100011
0101001111101000
0101010010101010
0101010101101011
0101011000101010
0101011011100111
0101011110100011
0101100001011101
0101100100010110
0101100111001101
0101101010000010
0101101100110111
0101101111101010
0101110010011011
0101110101001100
0101110111111011
0101111010101000
0101111101010101
0110000000000000
0110000010101010
0110000101010011
0110000111111011
0110001010100001
0110001101000111
0110001111101100
0110010010001111
0110010100110001
0110010111010011
0110011001110011
0110011100010011
0110011110110001
0110100001001111
0110100011101011
0110100110000111
0110101000100010
0110101010111100
0110101101010101
0110101111101101
0110110010000100
0110110100011011
0110110110110001
0110111001000110
0110111011011010
0110111101101101
0111000000000000
0111000010010010
0111000100100011
0111000110110100
0111001001000011
0111001011010010
0111001101100001
0111001111101110
0111010001111011
0111010100001000
0111010110010011
0111011000011110
0111011010101001
0111011100110011
0111011110111100
0111100001000100
0111100011001100
0111100101010011
0111100111011010
0111101001100000
0111101011100110
0111101101101011
0111101111101111
0111110001110011
0111110011110111
0111110101111010
0111110111111100
0111111001111110
0111111011111111
0111111110000000
1000000000000000
1000000010000000
1000000011111111
1000000101111110
1000000111111100
1000001001111010
1000001011110111
1000001101110100
1000001111110000
1000010001101100
1000010011101000
1000010101100011
1000010111011110
1000011001011000
1000011011010010
1000011101001011
1000011111000100
1000100000111100
1000100010110100
1000100100101100
1000100110100011
1000101000011010
1000101010010000
1000101100000110
1000101101111100
1000101111110001
1000110001100110
1000110011011011
1000110101001111
1000110111000011
1000111000110110
1000111010101001
1000111100011100
1000111110001110
1001000000000000
1001000001110010
1001000011100011
1001000101010100
1001000111000100
1001001000110101
1001001010100100
1001001100010100
1001001110000011
1001001111110010
1001010001100001
1001010011001111
1001010100111101
1001010110101011
1001011000011000
1001011010000101
1001011011110010
1001011101011110
1001011111001010
1001100000110110
1001100010100001
1001100100001101
1001100101110111
1001100111100010
1001101001001100
1001101010110110
1001101100100000
1001101110001010
1001101111110011
1001110001011100
1001110011000100
1001110100101101
1001110110010101
1001110111111101
1001111001100100
1001111011001100
1001111100110011
1001111110011001
1010000000000000
1010000001100110
1010000011001100
1010000100110010
1010000110011000
1010000111111101
1010001001100010
1010001011000111
1010001100101011
1010001110001111
1010001111110100
1010010001010111
1010010010111011
1010010100011110
1010010110000001
1010010111100100
1010011001000111
1010011010101001
1010011100001011
1010011101101101
1010011111001111
1010100000110001
1010100010010010
1010100011110011
1010100101010100
1010100110110101
1010101000010101
1010101001110101
1010101011010101
1010101100110101
1010101110010101
1010101111110100
1010110001010011
1010110010110010
1010110100010001
1010110101110000
1010110111001110
1010111000101100
1010111010001010
1010111011101000
1010111101000101
1010111110100011
1011000000000000
1011000001011101
1011000010111010
1011000100010110
1011000101110011
1011000111001111
1011001000101011
1011001010000111
1011001011100011
1011001100111110
1011001110011001
1011001111110101
1011010001010000
1011010010101010
1011010100000101
1011010101011111
1011010110111010
1011011000010100
1011011001101110
1011011011000111
1011011100100001
1011011101111010
1011011111010011
1011100000101101
1011100010000101
1011100011011110
1011100100110111
1011100110001111
1011100111100111
1011101000111111
1011101010010111
1011101011101111
1011101101000110
1011101110011110
1011101111110101
1011110001001100
1011110010100011
1011110011111010
1011110101010001
1011110110100111
1011110111111101
1011111001010011
1011111010101001
1011111011111111
1011111101010101
1011111110101011
1100000000000000
1100000001010101
1100000010101010
1100000011111111
1100000101010100
1100000110101001
1100000111111101
1100001001010010
1100001010100110
1100001011111010
1100001101001110
1100001110100010
1100001111110110
1100010001001001
1100010010011100
1100010011110000
1100010101000011
1100010110010110
1100010111101001
1100011000111011
1100011010001110
1100011011100000
1100011100110011
1100011110000101
1100011111010111
1100100000101001
1100100001111011
1100100011001100
1100100100011110
1100100101101111
1100100111000001
1100101000010010
1100101001100011
1100101010110100
1100101100000100
1100101101010101
1100101110100110
1100101111110110
1100110001000110
1100110010010110
1100110011100110
1100110100110110
1100110110000110
1100110111010110
1100111000100101
1100111001110101
1100111011000100
1100111100010011
1100111101100010
1100111110110001
1101000000000000
1101000001001111
1101000010011101
1101000011101100
1101000100111010
1101000110001000
1101000111010111
1101001000100101
1101001001110010
1101001011000000
1101001100001110
1101001101011100
1101001110101001
1101001111110110
1101010001000100
1101010010010001
1101010011011110
1101010100101011
1101010101110111
1101010111000100
1101011000010001
1101011001011101
1101011010101010
1101011011110110
1101011101000010
1101011110001110
1101011111011010
1101100000100110
1101100001110010
1101100010111101
1101100100001001
1101100101010100
1101100110100000
1101100111101011
1101101000110110
1101101010000001
1101101011001100
1101101100010111
1101101101100010
1101101110101100
1101101111110111
1101110001000001
1101110010001011
1101110011010110
1101110100100000
1101110101101010
1101110110110100
1101110111111110
1101111001000111
1101111010010001
1101111011011011
1101111100100100
1101111101101110
1101111110110111
1110000000000000
1110000001001001
1110000010010010
1110000011011011
1110000100100100
1110000101101101
1110000110110101
1110000111111110
1110001001000110
1110001010001111
1110001011010111
1110001100011111
1110001101100111
1110001110101111
1110001111110111
1110010000111111
1110010010000111
1110010011001110
1110010100010110
1110010101011101
1110010110100101
1110010111101100
1110011000110011
1110011001111010
1110011011000001
1110011100001000
1110011101001111
1110011110010110
1110011111011101
1110100000100011
1110100001101010
1110100010110000
1110100011110111
1110100100111101
1110100110000011
1110100111001001
1110101000001111
1110101001010101
1110101010011011
1110101011100001
1110101100100111
1110101101101100
1110101110110010
1110101111110111
1110110000111101
1110110010000010
1110110011000111
1110110100001100
1110110101010001
1110110110010110
1110110111011011
1110111000100000
1110111001100101
1110111010101010
1110111011101110
1110111100110011
1110111101110111
1110111110111100
1111000000000000
1111000001000100
1111000010001000
1111000011001100
1111000100010000
1111000101010100
1111000110011000
1111000111011100
1111001000100000
1111001001100011
1111001010100111
1111001011101010
1111001100101110
1111001101110001
1111001110110100
1111001111111000
1111010000111011
1111010001111110
1111010011000001
1111010100000100
1111010101000110
1111010110001001
1111010111001100
1111011000001111
1111011001010001
1111011010010100
1111011011010110
1111011100011000
1111011101011011
1111011110011101
1111011111011111
1111100000100001
1111100001100011
1111100010100101
1111100011100111
1111100100101001
1111100101101010
1111100110101100
1111100111101110
1111101000101111
1111101001110001
1111101010110010
1111101011110011
1111101100110101
1111101101110110
1111101110110111
1111101111111000
1111110000111001
1111110001111010
1111110010111011
1111110011111011
1111110100111100
1111110101111101
1111110110111101
1111110111111110
1111111000111110
1111111001111111
1111111010111111
1111111011111111
1111111101000000
1111111110000000
1111111111000000
L
0000000000000000
0000000000000000
0000000000000001
0000000000000010
0000000000000100
0000000000000110
0000000000001001
0000000000001100
0000000000010000
0000000000010100
0000000000011001
0000000000011110
0000000000100100
0000000000101010
0000000000110001
0000000000111000
0000000001000000
0000000001001000
0000000001010001
0000000001011010
0000000001100100
0000000001101110
0000000001111001
0000000010000100
0000000010010000
0000000010011100
0000000010101001
0000000010110110
0000000011000100
0000000011010010
0000000011100001
0000000011110000
0000000100000000
0000000100010000
0000000100100001
0000000100110010
0000000101000100
0000000101010110
0000000101101001
0000000101111100
0000000110010000
0000000110100100
0000000110111001
0000000111001110
0000000111100100
0000000111111010
0000001000010001
0000001000101000
0000001001000000
0000001001011000
0000001001110001
0000001010001010
0000001010100100
0000001010111110
0000001011011001
0000001011110100
0000001100010000
0000001100101100
0000001101001001
0000001101100110
0000001110000100
0000001110100010
0000001111000001
0000001111100000
0000010000000000
0000010000100000
0000010001000001
0000010001100010
0000010010000100
0000010010100110
0000010011001001
0000010011101100
0000010100010000
0000010100110100
0000010101011001
0000010101111110
0000010110100100
0000010111001010
0000010111110001
0000011000011000
0000011001000000
0000011001101000
0000011010010001
0000011010111010
0000011011100100
0000011100001110
0000011100111001
0000011101100100
0000011110010000
0000011110111100
0000011111101001
0000100000010110
0000100001000100
0000100001110010
0000100010100001
0000100011010000
0000100100000000
0000100100110000
0000100101100001
0000100110010010
0000100111000100
0000100111110110
0000101000101001
0000101001011100
0000101010010000
0000101011000100
0000101011111001
0000101100101110
0000101101100100
0000101110011010
0000101111010001
0000110000001000
0000110001000000
0000110001111000
0000110010110001
0000110011101010
0000110100100100
0000110101011110
0000110110011001
0000110111010100
0000111000010000
0000111001001100
0000111010001001
0000111011000110
0000111100000100
0000111101000010
0000111110000001
0000111111000000
0001000000000000
0001000001000000
0001000010000001
0001000011000010
0001000100000100
0001000101000110
0001000110001001
0001000111001100
0001001000010000
0001001001010100
0001001010011001
0001001011011110
0001001100100100
0001001101101010
0001001110110001
0001001111111000
0001010001000000
0001010010001000
0001010011010001
0001010100011010
0001010101100100
0001010110101110
0001010111111001
0001011001000100
0001011010010000
0001011011011100
0001011100101001
0001011101110110
0001011111000100
0001100000010010
0001100001100001
0001100010110000
0001100100000000
0001100101010000
0001100110100001
0001100111110010
0001101001000100
0001101010010110
0001101011101001
0001101100111100
0001101110010000
0001101111100100
0001110000111001
0001110010001110
0001110011100100
0001110100111010
0001110110010001
0001110111101000
0001111001000000
0001111010011000
0001111011110001
0001111101001010
0001111110100100
0001111111111110
0010000001011001
0010000010110100
0010000100010000
0010000101101100
0010000111001001
0010001000100110
0010001010000100
0010001011100010
0010001101000001
0010001110100000
0010010000000000
0010010001100000
0010010011000001
0010010100100010
0010010110000100
0010010111100110
0010011001001001
0010011010101100
0010011100010000
0010011101110100
0010011111011001
0010100000111110
0010100010100100
0010100100001010
0010100101110001
0010100111011000
0010101001000000
0010101010101000
0010101100010001
0010101101111010
0010101111100100
0010110001001110
0010110010111001
0010110100100100
0010110110010000
0010110111111100
0010111001101001
0010111011010110
0010111101000100
0010111110110010
0011000000100001
0011000010010000
0011000100000000
0011000101110000
0011000111100001
0011001001010010
0011001011000100
0011001100110110
0011001110101001
0011010000011100
0011010010010000
0011010100000100
0011010101111001
0011010111101110
0011011001100100
0011011011011010
0011011101010001
0011011111001000
0011100001000000
0011100010111000
0011100100110001
0011100110101010
0011101000100100
0011101010011110
0011101100011001
0011101110010100
0011110000010000
0011110010001100
0011110100001001
0011110110000110
0011111000000100
0011111010000010
0011111100000001
0011111110000000
0100000000000000
0100000010000000
0100000100000001
0100000110000010
0100001000000100
0100001010000110
0100001100001001
0100001110001100
0100010000010000
0100010010010100
0100010100011001
0100010110011110
0100011000100100
0100011010101010
0100011100110001
0100011110111000
0100100001000000
0100100011001000
0100100101010001
0100100111011010
0100101001100100
0100101011101110
0100101101111001
0100110000000100
0100110010010000
0100110100011100
0100110110101001
0100111000110110
0100111011000100
0100111101010010
0100111111100001
0101000001110000
0101000100000000
0101000110010000
0101001000100001
0101001010110010
0101001101000100
0101001111010110
0101010001101001
0101010011111100
0101010110010000
0101011000100100
0101011010111001
0101011101001110
0101011111100100
0101100001111010
0101100100010001
0101100110101000
0101101001000000
0101101011011000
0101101101110001
0101110000001010
0101110010100100
0101110100111110
0101110111011001
0101111001110100
0101111100010000
0101111110101100
0110000001001001
0110000011100110
0110000110000100
0110001000100010
0110001011000001
0110001101100000
0110010000000000
0110010010100000
0110010101000001
0110010111100010
0110011010000100
0110011100100110
0110011111001001
0110100001101100
0110100100010000
0110100110110100
0110101001011001
0110101011111110
0110101110100100
0110110001001010
0110110011110001
0110110110011000
0110111001000000
0110111011101000
0110111110010001
0111000000111010
0111000011100100
0111000110001110
0111001000111001
0111001011100100
0111001110010000
0111010000111100
0111010011101001
0111010110010110
0111011001000100
0111011011110010
0111011110100001
0111100001010000
0111100100000000
0111100110110000
0111101001100001
0111101100010010
0111101111000100
0111110001110110
0111110100101001
0111110111011100
0111111010010000
0111111101000100
0111111111111001
1000000010101110
1000000101100100
1000001000011010
1000001011010001
1000001110001000
1000010001000000
1000010011111000
1000010110110001
1000011001101010
1000011100100100
1000011111011110
1000100010011001
1000100101010100
1000101000010000
1000101011001100
1000101110001001
1000110001000110
1000110100000100
1000110111000010
1000111010000001
1000111101000000
1001000000000000
1001000011000000
1001000110000001
1001001001000010
1001001100000100
1001001111000110
1001010010001001
1001010101001100
1001011000010000
1001011011010100
1001011110011001
1001100001011110
1001100100100100
1001100111101010
1001101010110001
1001101101111000
1001110001000000
1001110100001000
1001110111010001
1001111010011010
1001111101100100
1010000000101110
1010000011111001
1010000111000100
1010001010010000
1010001101011100
1010010000101001
1010010011110110
1010010111000100
1010011010010010
1010011101100001
1010100000110000
1010100100000000
1010100111010000
1010101010100001
1010101101110010
1010110001000100
1010110100010110
1010110111101001
1010111010111100
1010111110010000
1011000001100100
1011000100111001
1011001000001110
1011001011100100
1011001110111010
1011010010010001
1011010101101000
1011011001000000
1011011100011000
1011011111110001
1011100011001010
1011100110100100
1011101001111110
1011101101011001
1011110000110100
1011110100010000
1011110111101100
1011111011001001
1011111110100110
1100000010000100
1100000101100010
1100001001000001
1100001100100000
1100010000000000
1100010011100000
1100010111000001
1100011010100010
1100011110000100
1100100001100110
1100100101001001
1100101000101100
1100101100010000
1100101111110100
1100110011011001
1100110110111110
1100111010100100
1100111110001010
1101000001110001
1101000101011000
1101001001000000
1101001100101000
1101010000010001
1101010011111010
1101010111100100
1101011011001110
1101011110111001
1101100010100100
1101100110010000
1101101001111100
1101101101101001
1101110001010110
1101110101000100
1101111000110010
1101111100100001
1110000000010000
1110000100000000
1110000111110000
1110001011100001
1110001111010010
1110010011000100
1110010110110110
1110011010101001
1110011110011100
1110100010010000
1110100110000100
1110101001111001
1110101101101110
1110110001100100
1110110101011010
1110111001010001
1110111101001000
1111000001000000
1111000100111000
1111001000110001
1111001100101010
1111010000100100
1111010100011110
1111011000011001
1111011100010100
1111100000010000
1111100100001100
1111101000001001
1111101100000110
1111110000000100
1111110100000010
1111111000000001
1111111100000000
L
1111111111111111
1111111111000000
1111111110000000
1111111101000000
1111111011111111
1111111010111111
1111111001111111
1111111000111110
1111110111111110
1111110110111101
1111110101111101
1111110100111100
1111110011111011
1111110010111011
1111110001111010
1111110000111001
1111101111111000
1111101110110111
1111101101110110
1111101100110101
1111101011110011
1111101010110010
1111101001110001
1111101000101111
1111100111101110
1111100110101100
1111100101101010
1111100100101001
1111100011100111
1111100010100101
1111100001100011
1111100000100001
1111011111011111
1111011110011101
1111011101011011
1111011100011000
1111011011010110
1111011010010100
1111011001010001
1111011000001111
1111010111001100
1111010110001001
1111010101000110
1111010100000100
1111010011000001
1111010001111110
1111010000111011
1111001111111000
1111001110110100
1111001101110001
1111001100101110
1111001011101010
1111001010100111
1111001001100011
1111001000100000
1111000111011100
1111000110011000
1111000101010100
1111000100010000
1111000011001100
1111000010001000
1111000001000100
1111000000000000
1110111110111100
1110111101110111
1110111100110011
1110111011101110
1110111010101010
1110111001100101
1110111000100000
1110110111011011
1110110110010110
1110110101010001
1110110100001100
1110110011000111
1110110010000010
1110110000111101
1110101111110111
1110101110110010
1110101101101100
1110101100100111
1110101011100001
1110101010011011
1110101001010101
1110101000001111
1110100111001001
1110100110000011
1110100100111101
1110100011110111
1110100010110000
1110100001101010
1110100000100011
1110011111011101
1110011110010110
1110011101001111
1110011100001000
1110011011000001
1110011001111010
1110011000110011
1110010111101100
1110010110100101
1110010101011101
1110010100010110
1110010011001110
1110010010000111
1110010000111111
1110001111110111
1110001110101111
1110001101100111
1110001100011111
1110001011010111
1110001010001111
1110001001000110
1110000111111110
1110000110110101
1110000101101101
1110000100100100
1110000011011011
1110000010010010
1110000001001001
1110000000000000
1101111110110111
1101111101101110
1101111100100100
1101111011011011
1101111010010001
1101111001000111
1101110111111110
1101110110110100
1101110101101010
1101110100100000
1101110011010110
1101110010001011
1101110001000001
1101101111110111
1101101110101100
1101101101100010
1101101100010111
1101101011001100
1101101010000001
1101101000110110
1101100111101011
1101100110100000
1101100101010100
1101100100001001
1101100010111101
1101100001110010
1101100000100110
1101011111011010
1101011110001110
1101011101000010
1101011011110110
1101011010101010
1101011001011101
1101011000010001
1101010111000100
1101010101110111
1101010100101011
1101010011011110
1101010010010001
1101010001000100
1101001111110110
1101001110101001
1101001101011100
1101001100001110
1101001011000000
1101001001110010
1101001000100101
1101000111010111
1101000110001000
1101000100111010
1101000011101100
1101000010011101
1101000001001111
1101000000000000
1100111110110001
1100111101100010
1100111100010011
1100111011000100
1100111001110101
1100111000100101
1100110111010110
1100110110000110
1100110100110110
1100110011100110
1100110010010110
1100110001000110
1100101111110110
1100101110100110
1100101101010101
1100101100000100
1100101010110100
1100101001100011
1100101000010010
1100100111000001
1100100101101111
1100100100011110
1100100011001100
1100100001111011
1100100000101001
1100011111010111
1100011110000101
1100011100110011
1100011011100000
1100011010001110
1100011000111011
1100010111101001
1100010110010110
1100010101000011
1100010011110000
1100010010011100
1100010001001001
1100001111110110
1100001110100010
1100001101001110
1100001011111010
1100001010100110
1100001001010010
1100000111111101
1100000110101001
1100000101010100
1100000011111111
1100000010101010
1100000001010101
1100000000000000
1011111110101011
1011111101010101
1011111011111111
1011111010101001
1011111001010011
1011110111111101
1011110110100111
1011110101010001
1011110011111010
1011110010100011
1011110001001100
1011101111110101
1011101110011110
1011101101000110
1011101011101111
1011101010010111
1011101000111111
1011100111100111
1011100110001111
1011100100110111
1011100011011110
1011100010000101
1011100000101101
1011011111010011
1011011101111010
1011011100100001
1011011011000111
1011011001101110
1011011000010100
1011010110111010
1011010101011111
1011010100000101
1011010010101010
1011010001010000
1011001111110101
1011001110011001
1011001100111110
1011001011100011
1011001010000111
1011001000101011
1011000111001111
1011000101110011
1011000100010110
1011000010111010
1011000001011101
1011000000000000
1010111110100011
1010111101000101
1010111011101000
1010111010001010
1010111000101100
1010110111001110
1010110101110000
1010110100010001
1010110010110010
1010110001010011
1010101111110100
1010101110010101
1010101100110101
1010101011010101
1010101001110101
1010101000010101
1010100110110101
1010100101010100
1010100011110011
1010100010010010
1010100000110001
1010011111001111
1010011101101101
1010011100001011
1010011010101001
1010011001000111
1010010111100100
1010010110000001
1010010100011110
1010010010111011
1010010001010111
1010001111110100
1010001110001111
1010001100101011
1010001011000111
1010001001100010
1010000111111101
1010000110011000
1010000100110010
1010000011001100
1010000001100110
1010000000000000
1001111110011001
1001111100110011
1001111011001100
1001111001100100
1001110111111101
1001110110010101
1001110100101101
1001110011000100
1001110001011100
1001101111110011
1001101110001010
1001101100100000
1001101010110110
1001101001001100
1001100111100010
1001100101110111
1001100100001101
1001100010100001
1001100000110110
1001011111001010
1001011101011110
1001011011110010
1001011010000101
1001011000011000
1001010110101011
1001010100111101
1001010011001111
1001010001100001
1001001111110010
1001001110000011
1001001100010100
1001001010100100
1001001000110101
1001000111000100
1001000101010100
1001000011100011
1001000001110010
1001000000000000
1000111110001110
1000111100011100
1000111010101001
1000111000110110
1000110111000011
1000110101001111
1000110011011011
1000110001100110
1000101111110001
1000101101111100
1000101100000110
1000101010010000
1000101000011010
1000100110100011
1000100100101100
1000100010110100
1000100000111100
1000011111000100
1000011101001011
1000011011010010
1000011001011000
1000010111011110
1000010101100011
1000010011101000
1000010001101100
1000001111110000
1000001101110100
1000001011110111
1000001001111010
1000000111111100
1000000101111110
1000000011111111
1000000010000000
1000000000000000
0111111110000000
0111111011111111
0111111001111110
0111110111111100
0111110101111010
0111110011110111
0111110001110011
0111101111101111
0111101101101011
0111101011100110
0111101001100000
0111100111011010
0111100101010011
0111100011001100
0111100001000100
0111011110111100
0111011100110011
0111011010101001
0111011000011110
0111010110010011
0111010100001000
0111010001111011
0111001111101110
0111001101100001
0111001011010010
0111001001000011
0111000110110100
0111000100100011
0111000010010010
0111000000000000
0110111101101101
0110111011011010
0110111001000110
0110110110110001
0110110100011011
0110110010000100
0110101111101101
0110101101010101
0110101010111100
0110101000100010
0110100110000111
0110100011101011
0110100001001111
0110011110110001
0110011100010011
0110011001110011
0110010111010011
0110010100110001
0110010010001111
0110001111101100
0110001101000111
0110001010100001
0110000111111011
0110000101010011
0110000010101010
0110000000000000
0101111101010101
0101111010101000
0101110111111011
0101110101001100
0101110010011011
0101101111101010
0101101100110111
0101101010000010
0101100111001101
0101100100010110
0101100001011101
0101011110100011
0101011011100111
0101011000101010
0101010101101011
0101010010101010
0101001111101000
0101001100100011
0101001001011101
0101000110010110
0101000011001100
0101000000000000
0100111100110010
0100111001100010
0100110110010000
0100110010111100
0100101111100101
0100101100001100
0100101000110000
0100100101010010
0100100001110001
0100011110001110
0100011010100111
0100010110111110
0100010011010010
0100001111100010
0100001011101111
0100000111111000
0100000011111110
0100000000000000
0011111011111110
0011110111111000
0011110011101101
0011101111011110
0011101011001010
0011100110110000
0011100010010010
0011011101101101
0011011001000010
0011010100010001
0011001111011001
0011001010011001
0011000101010001
0011000000000000
0010111010100110
0010110101000001
0010101111010001
0010101001010101
0010100011001011
0010011100110001
0010010110000110
0010001111000111
0010000111110001
0010000000000000
0001110111101111
0001101110110110
0001100101001100
0001011010100001
0001001110011001
0001000000000000
0000101101010000
L
1111111111111111
1111111100000000
1111111000000001
1111110100000010
1111110000000100
1111101100000110
1111101000001001
1111100100001100
1111100000010000
1111011100010100
1111011000011001
1111010100011110
1111010000100100
1111001100101010
1111001000110001
1111000100111000
1111000001000000
1110111101001000
1110111001010001
1110110101011010
1110110001100100
1110101101101110
1110101001111001
1110100110000100
1110100010010000
1110011110011100
1110011010101001
1110010110110110
1110010011000100
1110001111010010
1110001011100001
1110000111110000
1110000100000000
1110000000010000
1101111100100001
1101111000110010
1101110101000100
1101110001010110
1101101101101001
1101101001111100
1101100110010000
1101100010100100
1101011110111001
1101011011001110
1101010111100100
1101010011111010
1101010000010001
1101001100101000
1101001001000000
1101000101011000
1101000001110001
1100111110001010
1100111010100100
1100110110111110
1100110011011001
1100101111110100
1100101100010000
1100101000101100
1100100101001001
1100100001100110
1100011110000100
1100011010100010
1100010111000001
1100010011100000
1100010000000000
1100001100100000
1100001001000001
1100000101100010
1100000010000100
1011111110100110
1011111011001001
1011110111101100
1011110100010000
1011110000110100
1011101101011001
1011101001111110
1011100110100100
1011100011001010
1011011111110001
1011011100011000
1011011001000000
1011010101101000
1011010010010001
1011001110111010
1011001011100100
1011001000001110
1011000100111001
1011000001100100
1010111110010000
1010111010111100
1010110111101001
1010110100010110
1010110001000100
1010101101110010
1010101010100001
1010100111010000
1010100100000000
1010100000110000
1010011101100001
1010011010010010
1010010111000100
1010010011110110
1010010000101001
1010001101011100
1010001010010000
1010000111000100
1010000011111001
1010000000101110
1001111101100100
1001111010011010
1001110111010001
1001110100001000
1001110001000000
1001101101111000
1001101010110001
1001100111101010
1001100100100100
1001100001011110
1001011110011001
1001011011010100
1001011000010000
1001010101001100
1001010010001001
1001001111000110
1001001100000100
1001001001000010
1001000110000001
1001000011000000
1001000000000000
1000111101000000
1000111010000001
1000110111000010
1000110100000100
1000110001000110
1000101110001001
1000101011001100
1000101000010000
1000100101010100
1000100010011001
1000011111011110
1000011100100100
1000011001101010
1000010110110001
1000010011111000
1000010001000000
1000001110001000
1000001011010001
1000001000011010
1000000101100100
1000000010101110
0111111111111001
0111111101000100
0111111010010000
0111110111011100
0111110100101001
0111110001110110
0111101111000100
0111101100010010
0111101001100001
0111100110110000
0111100100000000
0111100001010000
0111011110100001
0111011011110010
0111011001000100
0111010110010110
0111010011101001
0111010000111100
0111001110010000
0111001011100100
0111001000111001
0111000110001110
0111000011100100
0111000000111010
0110111110010001
0110111011101000
0110111001000000
0110110110011000
0110110011110001
0110110001001010
0110101110100100
0110101011111110
0110101001011001
0110100110110100
0110100100010000
0110100001101100
0110011111001001
0110011100100110
0110011010000100
0110010111100010
0110010101000001
0110010010100000
0110010000000000
0110001101100000
0110001011000001
0110001000100010
0110000110000100
0110000011100110
0110000001001001
0101111110101100
0101111100010000
0101111001110100
0101110111011001
0101110100111110
0101110010100100
0101110000001010
0101101101110001
0101101011011000
0101101001000000
0101100110101000
0101100100010001
0101100001111010
0101011111100100
0101011101001110
0101011010111001
0101011000100100
0101010110010000
0101010011111100
0101010001101001
0101001111010110
0101001101000100
0101001010110010
0101001000100001
0101000110010000
0101000100000000
0101000001110000
0100111111100001
0100111101010010
0100111011000100
0100111000110110
0100110110101001
0100110100011100
0100110010010000
0100110000000100
0100101101111001
0100101011101110
0100101001100100
0100100111011010
0100100101010001
0100100011001000
0100100001000000
0100011110111000
0100011100110001
0100011010101010
0100011000100100
0100010110011110
0100010100011001
0100010010010100
0100010000010000
0100001110001100
0100001100001001
0100001010000110
0100001000000100
0100000110000010
0100000100000001
0100000010000000
0100000000000000
0011111110000000
0011111100000001
0011111010000010
0011111000000100
0011110110000110
0011110100001001
0011110010001100
0011110000010000
0011101110010100
0011101100011001
0011101010011110
0011101000100100
0011100110101010
0011100100110001
0011100010111000
0011100001000000
0011011111001000
0011011101010001
0011011011011010
0011011001100100
0011010111101110
0011010101111001
0011010100000100
0011010010010000
0011010000011100
0011001110101001
0011001100110110
0011001011000100
0011001001010010
0011000111100001
0011000101110000
0011000100000000
0011000010010000
0011000000100001
0010111110110010
0010111101000100
0010111011010110
0010111001101001
0010110111111100
0010110110010000
0010110100100100
0010110010111001
0010110001001110
0010101111100100
0010101101111010
0010101100010001
0010101010101000
0010101001000000
0010100111011000
0010100101110001
0010100100001010
0010100010100100
0010100000111110
0010011111011001
0010011101110100
0010011100010000
0010011010101100
0010011001001001
0010010111100110
0010010110000100
0010010100100010
0010010011000001
0010010001100000
0010010000000000
0010001110100000
0010001101000001
0010001011100010
0010001010000100
0010001000100110
0010000111001001
0010000101101100
0010000100010000
0010000010110100
0010000001011001
0001111111111110
0001111110100100
0001111101001010
0001111011110001
0001111010011000
0001111001000000
0001110111101000
0001110110010001
0001110100111010
0001110011100100
0001110010001110
0001110000111001
0001101111100100
0001101110010000
0001101100111100
0001101011101001
0001101010010110
0001101001000100
0001100111110010
0001100110100001
0001100101010000
0001100100000000
0001100010110000
0001100001100001
0001100000010010
0001011111000100
0001011101110110
0001011100101001
0001011011011100
0001011010010000
0001011001000100
0001010111111001
0001010110101110
0001010101100100
0001010100011010
0001010011010001
0001010010001000
0001010001000000
0001001111111000
0001001110110001
0001001101101010
0001001100100100
0001001011011110
0001001010011001
0001001001010100
0001001000010000
0001000111001100
0001000110001001
0001000101000110
0001000100000100
0001000011000010
0001000010000001
0001000001000000
0001000000000000
0000111111000000
0000111110000001
0000111101000010
0000111100000100
0000111011000110
0000111010001001
0000111001001100
0000111000010000
0000110111010100
0000110110011001
0000110101011110
0000110100100100
0000110011101010
0000110010110001
0000110001111000
0000110001000000
0000110000001000
0000101111010001
0000101110011010
0000101101100100
0000101100101110
0000101011111001
0000101011000100
0000101010010000
0000101001011100
0000101000101001
0000100111110110
0000100111000100
0000100110010010
0000100101100001
0000100100110000
0000100100000000
0000100011010000
0000100010100001
0000100001110010
0000100001000100
0000100000010110
0000011111101001
0000011110111100
0000011110010000
0000011101100100
0000011100111001
0000011100001110
0000011011100100
0000011010111010
0000011010010001
0000011001101000
0000011001000000
0000011000011000
0000010111110001
0000010111001010
0000010110100100
0000010101111110
0000010101011001
0000010100110100
0000010100010000
0000010011101100
0000010011001001
0000010010100110
0000010010000100
0000010001100010
0000010001000001
0000010000100000
0000010000000000
0000001111100000
0000001111000001
0000001110100010
0000001110000100
0000001101100110
0000001101001001
0000001100101100
0000001100010000
0000001011110100
0000001011011001
0000001010111110
0000001010100100
0000001010001010
0000001001110001
0000001001011000
0000001001000000
0000001000101000
0000001000010001
0000000111111010
0000000111100100
0000000111001110
0000000110111001
0000000110100100
0000000110010000
0000000101111100
0000000101101001
0000000101010110
0000000101000100
0000000100110010
0000000100100001
0000000100010000
0000000100000000
0000000011110000
0000000011100001
0000000011010010
0000000011000100
0000000010110110
0000000010101001
0000000010011100
0000000010010000
0000000010000100
0000000001111001
0000000001101110
0000000001100100
0000000001011010
0000000001010001
0000000001001000
0000000001000000
0000000000111000
0000000000110001
0000000000101010
0000000000100100
0000000000011110
0000000000011001
0000000000010100
0000000000010000
0000000000001100
0000000000001001
0000000000000110
0000000000000100
0000000000000010
0000000000000001
0000000000000000
L
0000000000000000
0000000000000001
0000000000000100
0000000000001001
0000000000010000
0000000000011001
0000000000100100
0000000000110001
0000000001000000
0000000001010001
0000000001100100
0000000001111001
0000000010010000
0000000010101001
0000000011000011
0000000011100000
0000000011111111
0000000100100000
0000000101000010
0000000101100111
0000000110001110
0000000110110110
0000000111100000
0000001000001101
0000001000111011
0000001001101011
0000001010011101
0000001011010001
0000001100000111
0000001100111110
0000001101111000
0000001110110011
0000001111110000
0000010000101111
0000010001110000
0000010010110011
0000010011110111
0000010100111101
0000010110000101
0000010111001111
0000011000011010
0000011001100111
0000011010110110
0000011100000110
0000011101011000
0000011110101100
0000100000000010
0000100001011001
0000100010110010
0000100100001100
0000100101101000
0000100111000110
0000101000100101
0000101010000110
0000101011101000
0000101101001100
0000101110110001
0000110000011000
0000110010000000
0000110011101001
0000110101010101
0000110111000001
0000111000101111
0000111010011110
0000111100001111
0000111110000001
0000111111110101
0001000001101001
0001000011011111
0001000101010111
0001000111001111
0001001001001001
0001001011000100
0001001101000000
0001001110111110
0001010000111100
0001010010111100
0001010100111101
0001010110111111
0001011001000010
0001011011000111
0001011101001100
0001011111010010
0001100001011010
0001100011100010
0001100101101100
0001100111110110
0001101010000001
0001101100001110
0001101110011011
0001110000101001
0001110010111000
0001110101001000
0001110111011001
0001111001101010
0001111011111101
0001111110010000
0010000000100100
0010000010111000
0010000101001110
0010000111100100
0010001001111011
0010001100010011
0010001110101011
0010010001000100
0010010011011101
0010010101111000
0010011000010010
0010011010101110
0010011101001010
0010011111100110
0010100010000011
0010100100100001
0010100110111111
0010101001011101
0010101011111100
0010101110011100
0010110000111100
0010110011011100
0010110101111101
0010111000011110
0010111010111111
0010111101100001
0011000000000100
0011000010100110
0011000101001001
0011000111101100
0011001010001111
0011001100110011
0011001111010111
0011010001111011
0011010100100000
0011010111000100
0011011001101001
0011011100001110
0011011110110100
0011100001011001
0011100011111110
0011100110100100
0011101001001010
0011101011110000
0011101110010110
0011110000111100
0011110011100010
0011110110001000
0011111000101110
0011111011010100
0011111101111011
0100000000100001
0100000011000111
0100000101101110
0100001000010100
0100001010111010
0100001101100000
0100010000000110
0100010010101100
0100010101010010
0100010111111000
0100011010011110
0100011101000011
0100011111101001
0100100010001110
0100100100110100
0100100111011001
0100101001111110
0100101100100011
0100101111000111
0100110001101100
0100110100010000
0100110110110100
0100111001011000
0100111011111011
0100111110011111
0101000001000010
0101000011100101
0101000110001000
0101001000101010
0101001011001100
0101001101101110
0101010000010000
0101010010110001
0101010101010010
0101010111110011
0101011010010011
0101011100110100
0101011111010011
0101100001110011
0101100100010010
0101100110110001
0101101001010000
0101101011101110
0101101110001011
0101110000101001
0101110011000110
0101110101100011
0101110111111111
0101111010011011
0101111100110111
0101111111010010
0110000001101101
0110000100000111
0110000110100001
0110001000111011
0110001011010100
0110001101101101
0110010000000101
0110010010011101
0110010100110101
0110010111001100
0110011001100011
0110011011111001
0110011110001111
0110100000100100
0110100010111001
0110100101001110
0110100111100010
0110101001110110
0110101100001001
0110101110011100
0110110000101110
0110110011000000
0110110101010001
0110110111100010
0110111001110010
0110111100000010
0110111110010010
0111000000100001
0111000010101111
0111000100111101
0111000111001011
0111001001011000
0111001011100101
0111001101110001
0111001111111100
0111010010000111
0111010100010010
0111010110011100
0111011000100110
0111011010101111
0111011100111000
0111011111000000
0111100001001000
0111100011001111
0111100101010110
0111100111011100
0111101001100010
0111101011100111
0111101101101100
0111101111110000
0111110001110100
0111110011110111
0111110101111010
0111110111111100
0111111001111110
0111111011111111
0111111110000000
1000000000000000
1000000010000000
1000000011111111
1000000101111110
1000000111111100
1000001001111010
1000001011110111
1000001101110100
1000001111110000
1000010001101100
1000010011100111
1000010101100010
1000010111011100
1000011001010110
1000011011001111
1000011101001000
1000011111000000
1000100000111000
1000100010101111
1000100100100110
1000100110011100
1000101000010010
1000101010000111
1000101011111100
1000101101110001
1000101111100100
1000110001011000
1000110011001011
1000110100111101
1000110110101111
1000111000100000
1000111010010001
1000111100000010
1000111101110010
1000111111100001
1001000001010000
1001000010111111
1001000100101101
1001000110011010
1001001000001000
1001001001110100
1001001011100000
1001001101001100
1001001110110111
1001010000100010
1001010010001100
1001010011110110
1001010101100000
1001010111001000
1001011000110001
1001011010011001
1001011100000000
1001011101100111
1001011111001110
1001100000110100
1001100010011010
1001100011111111
1001100101100100
1001100111001000
1001101000101100
1001101010010000
1001101011110011
1001101101010101
1001101110110111
1001110000011001
1001110001111010
1001110011011011
1001110100111011
1001110110011011
1001110111111011
1001111001011010
1001111010111001
1001111100010111
1001111101110101
1001111111010010
1010000000101111
1010000010001011
1010000011101000
1010000101000011
1010000110011111
1010000111111001
1010001001010100
1010001010101110
1010001100000111
1010001101100001
1010001110111010
1010010000010010
1010010001101010
1010010011000010
1010010100011001
1010010101110000
1010010111000110
1010011000011100
1010011001110010
1010011011000111
1010011100011100
1010011101110000
1010011111000100
1010100000011000
1010100001101011
1010100010111110
1010100100010001
1010100101100011
1010100110110100
1010101000000110
1010101001010111
1010101010101000
1010101011111000
1010101101001000
1010101110010111
1010101111100110
1010110000110101
1010110010000100
1010110011010010
1010110100100000
1010110101101101
1010110110111010
1010111000000111
1010111001010011
1010111010011111
1010111011101011
1010111100110110
1010111110000001
1010111111001011
1011000000010110
1011000001011111
1011000010101001
1011000011110010
1011000100111011
1011000110000100
1011000111001100
1011001000010100
1011001001011011
1011001010100010
1011001011101001
1011001100110000
1011001101110110
1011001110111100
1011010000000010
1011010001000111
1011010010001100
1011010011010001
1011010100010101
1011010101011001
1011010110011101
1011010111100000
1011011000100011
1011011001100110
1011011010101000
1011011011101011
1011011100101100
1011011101101110
1011011110101111
1011011111110000
1011100000110001
1011100001110001
1011100010110001
1011100011110001
1011100100110001
1011100101110000
1011100110101111
1011100111101101
1011101000101100
1011101001101010
1011101010101000
1011101011100101
1011101100100010
1011101101011111
1011101110011100
1011101111011000
1011110000010100
1011110001010000
1011110010001100
1011110011000111
1011110100000010
1011110100111101
1011110101110111
1011110110110010
1011110111101011
1011111000100101
1011111001011111
1011111010011000
1011111011010001
1011111100001001
1011111101000010
1011111101111010
1011111110110010
1011111111101010
1100000000100001
1100000001011000
1100000010001111
1100000011000110
1100000011111100
1100000100110010
1100000101101000
1100000110011110
1100000111010011
1100001000001000
1100001000111101
1100001001110010
1100001010100111
1100001011011011
1100001100001111
1100001101000011
1100001101110110
1100001110101010
1100001111011101
1100010000010000
1100010001000010
1100010001110101
1100010010100111
1100010011011001
1100010100001011
1100010100111100
1100010101101101
1100010110011111
1100010111001111
1100011000000000
1100011000110001
1100011001100001
1100011010010001
1100011011000001
1100011011110000
1100011100100000
1100011101001111
1100011101111110
1100011110101101
1100011111011011
1100100000001010
1100100000111000
1100100001100110
1100100010010011
1100100011000001
1100100011101110
1100100100011011
1100100101001000
1100100101110101
1100100110100010
1100100111001110
1100100111111010
1100101000100110
1100101001010010
1100101001111110
1100101010101001
1100101011010100
1100101011111111
1100101100101010
1100101101010101
1100101101111111
1100101110101010
1100101111010100
1100101111111110
1100110000101000
1100110001010001
1100110001111011
1100110010100100
L
0000000000000000
0000000000000000
0000000000000000
0000000000000001
0000000000000001
0000000000000010
0000000000000011
0000000000000101
0000000000000110
0000000000001000
0000000000001010
0000000000001101
0000000000010000
0000000000010011
0000000000010110
0000000000011010
0000000000011110
0000000000100010
0000000000100110
0000000000101011
0000000000110001
0000000000110110
0000000000111100
0000000001000010
0000000001001001
0000000001010000
0000000001010111
0000000001011111
0000000001100111
0000000001101111
0000000001111000
0000000010000001
0000000010001010
0000000010010100
0000000010011110
0000000010101001
0000000010110100
0000000010111111
0000000011001011
0000000011010111
0000000011100011
0000000011110000
0000000011111101
0000000100001011
0000000100011001
0000000100100111
0000000100110110
0000000101000101
0000000101010100
0000000101100100
0000000101110101
0000000110000101
0000000110010111
0000000110101000
0000000110111010
0000000111001101
0000000111011111
0000000111110011
0000001000000110
0000001000011010
0000001000101111
0000001001000100
0000001001011001
0000001001101111
0000001010000101
0000001010011100
0000001010110011
0000001011001010
0000001011100010
0000001011111010
0000001100010011
0000001100101100
0000001101000110
0000001101100000
0000001101111011
0000001110010110
0000001110110001
0000001111001101
0000001111101001
0000010000000110
0000010000100011
0000010001000001
0000010001011111
0000010001111101
0000010010011100
0000010010111100
0000010011011100
0000010011111100
0000010100011101
0000010100111110
0000010101100000
0000010110000010
0000010110100101
0000010111001000
0000010111101100
0000011000010000
0000011000110100
0000011001011001
0000011001111111
0000011010100101
0000011011001011
0000011011110010
0000011100011001
0000011101000001
0000011101101001
0000011110010010
0000011110111100
0000011111100101
0000100000001111
0000100000111010
0000100001100101
0000100010010001
0000100010111101
0000100011101010
0000100100010111
0000100101000101
0000100101110011
0000100110100001
0000100111010000
0000101000000000
0000101000110000
0000101001100000
0000101010010001
0000101011000011
0000101011110101
0000101100100111
0000101101011010
0000101110001110
0000101111000010
0000101111110111
0000110000101100
0000110001100001
0000110010010111
0000110011001110
0000110100000101
0000110100111100
0000110101110100
0000110110101101
0000110111100110
0000111000011111
0000111001011001
0000111010010100
0000111011001111
0000111100001010
0000111101000111
0000111110000011
0000111111000000
0000111111111110
0001000000111100
0001000001111011
0001000010111010
0001000011111010
0001000100111010
0001000101111011
0001000110111100
0001000111111110
0001001001000000
0001001010000011
0001001011000110
0001001100001010
0001001101001110
0001001110010011
0001001111011001
0001010000011111
0001010001100101
0001010010101100
0001010011110100
0001010100111100
0001010110000100
0001010111001101
0001011000010111
0001011001100001
0001011010101100
0001011011110111
0001011101000011
0001011110001111
0001011111011100
0001100000101010
0001100001110111
0001100011000110
0001100100010101
0001100101100100
0001100110110101
0001101000000101
0001101001010110
0001101010101000
0001101011111010
0001101101001101
0001101110100000
0001101111110100
0001110001001001
0001110010011110
0001110011110011
0001110101001001
0001110110100000
0001110111110111
0001111001001111
0001111010100111
0001111100000000
0001111101011001
0001111110110011
0010000000001101
0010000001101000
0010000011000100
0010000100100000
0010000101111101
0010000111011010
0010001000111000
0010001010010110
0010001011110101
0010001101010100
0010001110110100
0010010000010101
0010010001110110
0010010011010111
0010010100111010
0010010110011100
0010011000000000
0010011001100100
0010011011001000
0010011100101101
0010011110010011
0010011111111001
0010100001100000
0010100011000111
0010100100101111
0010100110010111
0010101000000000
0010101001101010
0010101011010100
0010101100111110
0010101110101010
0010110000010101
0010110010000010
0010110011101111
0010110101011100
0010110111001010
0010111000111001
0010111010101000
0010111100011000
0010111110001001
0010111111111001
0011000001101011
0011000011011101
0011000101010000
0011000111000011
0011001000110111
0011001010101011
0011001100100000
0011001110010110
0011010000001100
0011010010000011
0011010011111010
0011010101110010
0011010111101010
0011011001100011
0011011011011101
0011011101010111
0011011111010010
0011100001001101
0011100011001001
0011100101000110
0011100111000011
0011101001000001
0011101010111111
0011101100111110
0011101110111101
0011110000111110
0011110010111110
0011110100111111
0011110111000001
0011111001000100
0011111011000111
0011111101001010
0011111111001110
0100000001010011
0100000011011001
0100000101011111
0100000111100101
0100001001101100
0100001011110100
0100001101111100
0100010000000101
0100010010001111
0100010100011001
0100010110100100
0100011000101111
0100011010111011
0100011101000111
0100011111010100
0100100001100010
0100100011110000
0100100101111111
0100101000001111
0100101010011111
0100101100101111
0100101111000001
0100110001010011
0100110011100101
0100110101111000
0100111000001100
0100111010100000
0100111100110101
0100111111001011
0101000001100001
0101000011110111
0101000110001111
0101001000100111
0101001010111111
0101001101011000
0101001111110010
0101010010001100
0101010100100111
0101010111000011
0101011001011111
0101011011111100
0101011110011001
0101100000110111
0101100011010110
0101100101110101
0101101000010101
0101101010110110
0101101101010111
0101101111111000
0101110010011011
0101110100111101
0101110111100001
0101111010000101
0101111100101010
0101111111001111
0110000001110101
0110000100011100
0110000111000011
0110001001101011
0110001100010011
0110001110111100
0110010001100110
0110010100010000
0110010110111011
0110011001100111
0110011100010011
0110011111000000
0110100001101101
0110100100011011
0110100111001010
0110101001111001
0110101100101001
0110101111011001
0110110010001011
0110110100111100
0110110111101111
0110111010100010
0110111101010101
0111000000001001
0111000010111110
0111000101110100
0111001000101010
0111001011100001
0111001110011000
0111010001010000
0111010100001001
0111010111000010
0111011001111100
0111011100110110
0111011111110010
0111100010101101
0111100101101010
0111101000100111
0111101011100100
0111101110100011
0111110001100010
0111110100100001
0111110111100001
0111111010100010
0111111101100100
1000000000100110
1000000011101000
1000000110101100
1000001001110000
1000001100110100
1000001111111010
1000010011000000
1000010110000110
1000011001001101
1000011100010101
1000011111011101
1000100010100111
1000100101110000
1000101000111011
1000101100000110
1000101111010001
1000110010011110
1000110101101010
1000111000111000
1000111100000110
1000111111010101
1001000010100100
1001000101110101
1001001001000101
1001001100010111
1001001111101001
1001010010111011
1001010110001111
1001011001100011
1001011100110111
1001100000001101
1001100011100011
1001100110111001
1001101010010000
1001101101101000
1001110001000001
1001110100011010
1001110111110011
1001111011001110
1001111110101001
1010000010000101
1010000101100001
1010001000111110
1010001100011100
1010001111111010
1010010011011001
1010010110111001
1010011010011001
1010011101111010
1010100001011011
1010100100111110
1010101000100000
1010101100000100
1010101111101000
1010110011001101
1010110110110010
1010111010011001
1010111101111111
1011000001100111
1011000101001111
1011001000111000
1011001100100001
1011010000001011
1011010011110110
1011010111100001
1011011011001101
1011011110111010
1011100010100111
1011100110010101
1011101010000100
1011101101110011
1011110001100011
1011110101010100
1011111001000101
1011111100110111
1100000000101010
1100000100011101
1100001000010001
1100001100000101
1100001111111011
1100010011110000
1100010111100111
1100011011011110
1100011111010110
1100100011001111
1100100111001000
1100101011000010
1100101110111100
1100110010110111
1100110110110011
1100111010110000
1100111110101101
1101000010101011
1101000110101001
1101001010101001
1101001110101001
1101010010101001
1101010110101010
1101011010101100
1101011110101111
1101100010110010
1101100110110110
1101101010111010
1101101110111111
1101110011000101
1101110111001100
1101111011010011
1101111111011011
1110000011100011
1110000111101101
1110001011110111
1110010000000001
1110010100001100
1110011000011000
1110011100100101
1110100000110010
1110100101000000
1110101001001111
1110101101011110
1110110001101110
1110110101111110
1110111010010000
1110111110100010
1111000010110100
1111000111000111
1111001011011011
1111001111110000
1111010100000101
1111011000011011
1111011100110010
1111100001001010
1111100101100010
1111101001111010
1111101110010100
1111110010101110
1111110111001000
1111111011100100
L
0000000000000000
0000111111110000
0001100101000011
0001111111100000
0010010100000001
0010100100110011
0010110010111110
0010111111010000
0011001010000101
0011010011110001
0011011100100010
0011100100100011
0011101011111010
0011110010101110
0011111001000100
0011111111000000
0100000100100101
0100001001110101
0100001110110100
0100010011100001
0100011000000001
0100011100010010
0100100000011000
0100100100010011
0100101000000011
0100101011101010
0100101111001000
0100110010011110
0100110101101101
0100111000110100
0100111011110101
0100111110110000
0101000001100101
0101000100010101
0101000110111111
0101001001100101
0101001100000111
0101001110100100
0101010000111100
0101010011010001
0101010101100011
0101010111110001
0101011001111011
0101011100000010
0101011110000111
0101100000001000
0101100010000111
0101100100000011
0101100101111100
0101100111110011
0101101001100111
0101101011011010
0101101101001010
0101101110111000
0101110000100100
0101110010001110
0101110011110110
0101110101011101
0101110111000001
0101111000100100
0101111010000101
0101111011100101
0101111101000011
0101111110100000
0101111111111011
0110000001010101
0110000010101110
0110000100000101
0110000101011011
0110000110101111
0110001000000011
0110001001010101
0110001010100110
0110001011110111
0110001101000110
0110001110010100
0110001111100000
0110010000101100
0110010001110111
0110010011000001
0110010100001011
0110010101010011
0110010110011010
0110010111100001
0110011000100110
0110011001101011
0110011010101111
0110011011110010
0110011100110101
0110011101110111
0110011110111000
0110011111111000
0110100000111000
0110100001110111
0110100010110101
0110100011110011
0110100100110000
0110100101101100
0110100110101000
0110100111100011
0110101000011110
0110101001010111
0110101010010001
0110101011001010
0110101100000010
0110101100111010
0110101101110001
0110101110101000
0110101111011110
0110110000010100
0110110001001001
0110110001111110
0110110010110010
0110110011100110
0110110100011010
0110110101001101
0110110101111111
0110110110110001
0110110111100011
0110111000010100
0110111001000101
0110111001110101
0110111010100101
0110111011010101
0110111100000100
0110111100110011
0110111101100010
0110111110010000
0110111110111110
0110111111101011
0111000000011000
0111000001000101
0111000001110010
0111000010011110
0111000011001001
0111000011110101
0111000100100000
0111000101001011
0111000101110101
0111000110011111
0111000111001001
0111000111110011
0111001000011100
0111001001000101
0111001001101110
0111001010010110
0111001010111111
0111001011100111
0111001100001110
0111001100110110
0111001101011101
0111001110000100
0111001110101010
0111001111010000
0111001111110111
0111010000011100
0111010001000010
0111010001100111
0111010010001101
0111010010110001
0111010011010110
0111010011111011
0111010100011111
0111010101000011
0111010101100111
0111010110001010
0111010110101110
0111010111010001
0111010111110100
0111011000010110
0111011000111001
0111011001011011
0111011001111101
0111011010011111
0111011011000001
0111011011100010
0111011100000100
0111011100100101
0111011101000110
0111011101100111
0111011110000111
0111011110101000
0111011111001000
0111011111101000
0111100000001000
0111100000101000
0111100001000111
0111100001100111
0111100010000110
0111100010100101
0111100011000100
0111100011100011
0111100100000001
0111100100100000
0111100100111110
0111100101011100
0111100101111010
0111100110011000
0111100110110101
0111100111010011
0111100111110000
0111101000001110
0111101000101011
0111101001000111
0111101001100100
0111101010000001
0111101010011101
0111101010111010
0111101011010110
0111101011110010
0111101100001110
0111101100101010
0111101101000110
0111101101100001
0111101101111101
0111101110011000
0111101110110011
0111101111001110
0111101111101001
0111110000000100
0111110000011111
0111110000111001
0111110001010100
0111110001101110
0111110010001000
0111110010100010
0111110010111100
0111110011010110
0111110011110000
0111110100001010
0111110100100011
0111110100111101
0111110101010110
0111110101101111
0111110110001000
0111110110100001
0111110110111010
0111110111010011
0111110111101100
0111111000000100
0111111000011101
0111111000110101
0111111001001101
0111111001100101
0111111001111101
0111111010010101
0111111010101101
0111111011000101
0111111011011101
0111111011110100
0111111100001100
0111111100100011
0111111100111011
0111111101010010
0111111101101001
0111111110000000
0111111110010111
0111111110101110
0111111111000101
0111111111011011
0111111111110010
1000000000001000
1000000000011111
1000000000110101
1000000001001011
1000000001100010
1000000001111000
1000000010001110
1000000010100100
1000000010111001
1000000011001111
1000000011100101
1000000011111010
1000000100010000
1000000100100101
1000000100111011
1000000101010000
1000000101100101
1000000101111010
1000000110001111
1000000110100100
1000000110111001
1000000111001110
1000000111100011
1000000111111000
1000001000001100
1000001000100001
1000001000110101
1000001001001010
1000001001011110
1000001001110010
1000001010000110
1000001010011011
1000001010101111
1000001011000011
1000001011010111
1000001011101010
1000001011111110
1000001100010010
1000001100100110
1000001100111001
1000001101001101
1000001101100000
1000001101110100
1000001110000111
1000001110011010
1000001110101101
1000001111000000
1000001111010100
1000001111100111
1000001111111010
1000010000001100
1000010000011111
1000010000110010
1000010001000101
1000010001010111
1000010001101010
1000010001111101
1000010010001111
1000010010100001
1000010010110100
1000010011000110
1000010011011000
1000010011101011
1000010011111101
1000010100001111
1000010100100001
1000010100110011
1000010101000101
1000010101010111
1000010101101000
1000010101111010
1000010110001100
1000010110011110
1000010110101111
1000010111000001
1000010111010010
1000010111100100
1000010111110101
1000011000000110
1000011000011000
1000011000101001
1000011000111010
1000011001001011
1000011001011100
1000011001101101
1000011001111110
1000011010001111
1000011010100000
1000011010110001
1000011011000010
1000011011010010
1000011011100011
1000011011110100
1000011100000100
1000011100010101
1000011100100110
1000011100110110
1000011101000110
1000011101010111
1000011101100111
1000011101110111
1000011110001000
1000011110011000
1000011110101000
1000011110111000
1000011111001000
1000011111011000
1000011111101000
1000011111111000
1000100000001000
1000100000011000
1000100000101000
1000100000110111
1000100001000111
1000100001010111
1000100001100110
1000100001110110
1000100010000110
1000100010010101
1000100010100100
1000100010110100
1000100011000011
1000100011010011
1000100011100010
1000100011110001
1000100100000000
1000100100010000
1000100100011111
1000100100101110
1000100100111101
1000100101001100
1000100101011011
1000100101101010
1000100101111001
1000100110001000
1000100110010111
1000100110100101
1000100110110100
1000100111000011
1000100111010010
1000100111100000
1000100111101111
1000100111111110
1000101000001100
1000101000011011
1000101000101001
1000101000110111
1000101001000110
1000101001010100
1000101001100011
1000101001110001
1000101001111111
1000101010001101
1000101010011100
1000101010101010
1000101010111000
1000101011000110
1000101011010100
1000101011100010
1000101011110000
1000101011111110
1000101100001100
1000101100011010
1000101100101000
1000101100110110
1000101101000011
1000101101010001
1000101101011111
1000101101101101
1000101101111010
1000101110001000
1000101110010110
1000101110100011
1000101110110001
1000101110111110
1000101111001100
1000101111011001
1000101111100111
1000101111110100
1000110000000001
1000110000001111
1000110000011100
1000110000101001
1000110000110110
1000110001000100
1000110001010001
1000110001011110
1000110001101011
1000110001111000
1000110010000101
1000110010010010
1000110010011111
1000110010101100
1000110010111001
1000110011000110
1000110011010011
1000110011100000
1000110011101101
1000110011111010
1000110100000110
1000110100010011
1000110100100000
1000110100101101
1000110100111001
1000110101000110
1000110101010010
1000110101011111
1000110101101100
1000110101111000
1000110110000101
1000110110010001
1000110110011110
1000110110101010
1000110110110110
1000110111000011
1000110111001111
1000110111011100
1000110111101000
1000110111110100
1000111000000000
1000111000001101
1000111000011001
1000111000100101
1000111000110001
1000111000111101
1000111001001001
1000111001010101
1000111001100001
1000111001101101
1000111001111001
1000111010000101
1000111010010001
1000111010011101
1000111010101001
1000111010110101
1000111011000001
1000111011001101
1000111011011001
1000111011100100
1000111011110000
1000111011111100
1000111100001000
1000111100010011
1000111100011111
1000111100101011
1000111100110110
1000111101000010
1000111101001101
1000111101011001
1000111101100100
1000111101110000
