0010000111010100
0010000011001000
0001111110111011
0001111010101111
0001110110100010
0001110010010111
0001101110001001
0001101001111101
0001100101110000
0001100001100100
0001011101010111
0001011001001011
0001010100111110
0001010000110011
0001001100100101
0001001000011001
0001000100001100
0001000000000001
0000111011110011
0000110111100111
0000110011011010
0000101111001110
0000101011000001
0000100110110101
0000100010101000
0000011110011100
0000011010001111
0000010110000100
0000010001110110
0000001101101010
0000001001011101
0000000101010001
0000000001000100
1111111111111111
1111111111111111
1111111111111111
1111111111111111
1111111111111111
1111111111111111
1111111111111111
0000000000000000
1111111111111111
1111111111111111
0000000000000000
0000000000000000
0000000000000000
1111111111111111
1111111111111111
1111111111111111
1111111111111111
1111111111111111
1111111111111111
1111111111111111
1111111111111111
1111111111111111
0000000000000000
1111111111111111
1111111111111111
1111111111111111
0000000000000000
1111111111111111
1111111111111111
0000000000000000
1111111111111111
1111111111111111
1111111111111111
1111111111111111
1111111111111111
1111111111111111
1111111111111111
1111111111111111
0000000000000000
1111111111111111
0000000000000000
0000000000000000
0000000000000000
1111111111111111
0000000000000000
1111111111111111
0000000000000000
0000000000000000
0000000000000000
1111111111111111
0000000000000000
1111111111111111
1111111111111111
0000000000000000
0000000000000000
1111111111111111
1111111111111111
0000000000000000
0000000000000000
0000000000000000
1111111111111111
0000000000000000
0000000000000000
1111111111111111
1111111111111111
0000000000000000
