000000000000000000
000010001010100011
111010110001100001
111100111100000100
000101001110011111
000111011001000010
000000000000000000
000010001010100011
111101110101011101
000000000000000000
111000100110111110
111010110001100001
000011000011111100
000101001110011111
111101110101011101
000000000000000000
L
000000000000000000
111101110101011101
000101001110011111
000011000011111100
111010110001100001
111000100110111110
000000000000000000
111101110101011101
000010001010100011
000000000000000000
000111011001000010
000101001110011111
111100111100000100
111010110001100001
000010001010100011
000000000000000000
