000000000000000000
000100000000000000
000100000000000000
001000000000000000
000100000000000000
001000000000000000
001000000000000000
001100000000000000
000100000000000000
001000000000000000
001000000000000000
001100000000000000
001000000000000000
001100000000000000
001100000000000000
010000000000000000
L
000000000000000000
111100000000000000
111100000000000000
111000000000000000
111100000000000000
111000000000000000
111000000000000000
110100000000000000
111100000000000000
111000000000000000
111000000000000000
110100000000000000
111000000000000000
110100000000000000
110100000000000000
110000000000000000
