000000000000000000
000101001110011111
000010001010100011
000111011001000010
111101110101011101
000011000011111100
000000000000000000
000101001110011111
111010110001100001
000000000000000000
111100111100000100
000010001010100011
111000100110111110
111101110101011101
111010110001100001
000000000000000000
L
000000000000000000
111010110001100001
111101110101011101
111000100110111110
000010001010100011
111100111100000100
000000000000000000
111010110001100001
000101001110011111
000000000000000000
000011000011111100
111101110101011101
000111011001000010
000010001010100011
000101001110011111
000000000000000000
