000000000000000000
000000110100100011
111101110100000100
111110101000101000
000010110100001001
000011101000101100
000000101000001110
000001011100110001
111101100000010111
111110010100111010
111011010100011011
111100001000111110
000000010100100000
000001001001000011
111110001000100101
111110111101001000
L
000000000000000000
111111001011011101
000010001011111100
000001010111011000
111101001011110111
111100010111010100
111111010111110010
111110100011001111
000010011111101001
000001101011000110
000100101011100101
000011110111000010
111111101011100000
111110110110111101
000001110111011011
000001000010111000
L
000000000000000000
000001010101010101
000000010001110000
000001100111000101
111110001101001010
111111100010100000
111110011110111010
111111110100001111
000010101101001110
000100000010100100
000010111110111110
000100010100010011
000000111010011001
000010001111101110
000001001100001000
000010100001011110
L
000000000000000000
111110101010101011
111111101110010000
111110011000111011
000001110010110110
000000011101100000
000001100001000110
000000001011110001
111101010010110010
111011111101011100
111101000001000010
111011101011101101
111111000101100111
111101110000010010
111110110011111000
111101011110100010
