000000000000000000
000011111011000101
000011010100110111
000111001111111100
000010001110001110
000110001001010100
000101100011000101
001001011110001010
000000110001111100
000100101101000010
000100000110110011
001000000001111000
000011000000001011
000110111011010000
000110010101000010
001010010000000111
L
000000000000000000
111100000100111011
111100101011001001
111000110000000100
111101110001110010
111001110110101100
111010011100111011
110110100001110110
111111001110000100
111011010010111110
111011111001001101
110111111110001000
111100111111110101
111001000100110000
111001101010111110
110101101111111001
