000000000000000000
000010100111001111
000001000101010001
000011101100100001
111110111010101111
000001100001111110
000000000000000000
000010100111001111
111101011000110001
000000000000000000
111110011110000010
000001000101010001
111100010011011111
111110111010101111
111101011000110001
000000000000000000
L
000000000000000000
111101011000110001
111110111010101111
111100010011011111
000001000101010001
111110011110000010
000000000000000000
111101011000110001
000010100111001111
000000000000000000
000001100001111110
111110111010101111
000011101100100001
000001000101010001
000010100111001111
000000000000000000
L
000000000000000000
111101011000110001
111110111010101111
111100010011011111
000001000101010001
111110011110000010
000000000000000000
111101011000110001
000010100111001111
000000000000000000
000001100001111110
111110111010101111
000011101100100001
000001000101010001
000010100111001111
000000000000000000
L
000000000000000000
000010100111001111
000001000101010001
000011101100100001
111110111010101111
000001100001111110
000000000000000000
000010100111001111
111101011000110001
000000000000000000
111110011110000010
000001000101010001
111100010011011111
111110111010101111
111101011000110001
000000000000000000
