000000000000000000
000001010101010101
111101001011110111
111110100001001100
000001110010110110
000011001000001011
111110111110101100
000000010100000001
000000110100100011
000010001001111000
111110000000011010
111111010101101111
000010100111011001
000011111100101110
111111110011001111
000001001000100100
L
000000000000000000
111110101010101011
000010110100001001
000001011110110100
111110001101001010
111100110111110101
000001000001010100
111111101011111111
111111001011011101
111101110110001000
000001111111100110
000000101010010001
111101011000100111
111100000011010010
000000001100110001
111110110111011100
L
000000000000000000
111101010010110010
000010001011111100
111111011110101101
000000010001110000
111101100100100001
000010011101101011
111111110000011101
111101100000010111
111010110011001000
111111101100010010
111100111111000100
111101110010000110
111011000100111000
111111111110000010
111101010000110011
L
000000000000000000
000010101101001110
111101110100000100
000000100001010011
111111101110010000
000010011011011111
111101100010010101
000000001111100011
000010011111101001
000101001100111000
000000010011101110
000011000000111100
000010001101111010
000100111011001000
000000000001111110
000010101111001101
