000000000000000000
000010110001100011
000010010110100001
000101001000000011
000001100100100100
000100010110000111
000011111011000101
000110101100101000
000000100011010100
000011010100110111
000010111001110101
000101101011011000
000010000111111001
000100111001011011
000100011110011001
000111001111111100
L
000000000000000000
111101001110011101
111101101001011111
111010110111111101
111110011011011100
111011101001111001
111100000100111011
111001010011011000
111111011100101100
111100101011001001
111101000110001011
111010010100101000
111101111000000111
111011000110100101
111011100001100111
111000110000000100
L
000000000000000000
111111011100101100
111110011011011100
111101111000000111
111101101001011111
111101000110001011
111100000100111011
111011100001100111
111101001110011101
111100101011001001
111011101001111001
111011000110100101
111010110111111101
111010010100101000
111001010011011000
111000110000000100
L
000000000000000000
000000100011010100
000001100100100100
000010000111111001
000010010110100001
000010111001110101
000011111011000101
000100011110011001
000010110001100011
000011010100110111
000100010110000111
000100111001011011
000101001000000011
000101101011011000
000110101100101000
000111001111111100
