000000000000000000
000011010100110111
111111001110000100
000010100010111010
111100000100111011
111111011001110010
111011010010111110
111110100111110101
111101110001110010
000001000110101000
111100111111110101
000000010100101100
111001110110101100
111101001011100011
111001000100110000
111100011001100111
L
000000000000000000
111100101011001001
000000110001111100
111101011101000110
000011111011000101
000000100110001110
000100101101000010
000001011000001011
000010001110001110
111110111001011000
000011000000001011
111111101011010100
000110001001010100
000010110100011101
000110111011010000
000011100110011001
