000000000000000000
000000100011010100
111110011011011100
111110111110110000
000010010110100001
000010111001110101
000000110001111100
000001010101010001
111101001110011101
111101110001110010
111011101001111001
111100001101001101
111111100100111110
000000001000010010
111110000000011010
111110100011101110
L
000000000000000000
111111011100101100
000001100100100100
000001000001010000
111101101001011111
111101000110001011
111111001110000100
111110101010101111
000010110001100011
000010001110001110
000100010110000111
000011110010110011
000000011011000010
111111110111101110
000001111111100110
000001011100010010
L
000000000000000000
000010110001100011
111101101001011111
000000011011000010
000001100100100100
000100010110000111
111111001110000100
000001111111100110
111111011100101100
000010001110001110
111101000110001011
111111110111101110
000001000001010000
000011110010110011
111110101010101111
000001011100010010
L
000000000000000000
111101001110011101
000010010110100001
111111100100111110
111110011011011100
111011101001111001
000000110001111100
111110000000011010
000000100011010100
111101110001110010
000010111001110101
000000001000010010
111110111110110000
111100001101001101
000001010101010001
111110100011101110
