000000000000000000
000000010001110000
111111001011011101
111111011101001101
000001010101010101
000001100111000101
000000100000110010
000000110010100010
111110001101001010
111110011110111010
111101011000100111
111101101010010111
111111100010100000
111111110100001111
111110101101111101
111110111111101100
L
000000000000000000
111111101110010000
000000110100100011
000000100010110011
111110101010101011
111110011000111011
111111011111001110
111111001101011110
000001110010110110
000001100001000110
000010100111011001
000010010101101001
000000011101100000
000000001011110001
000001010010000011
000001000000010100
L
000000000000000000
000010001011111100
111101100000010111
111111101100010010
000010101101001110
000100111001001010
000000001101100101
000010011001100001
111101001011110111
111111010111110010
111010101100001101
111100111000001001
111111111001000101
000010000101000000
111101011001011100
111111100101010111
L
000000000000000000
111101110100000100
000010011111101001
000000010011101110
111101010010110010
111011000110110110
111111110010011011
111101100110011111
000010110100001001
000000101000001110
000101010011110011
000011000111110111
000000000110111011
111101111011000000
000010100110100100
000000011010101001
