000000000000000000
000010101101001110
000001110010110110
000100100000000100
000000010001110000
000010111110111110
000010000100100101
000100110001110100
111110101010101011
000001010111111001
000000011101100000
000011001010101111
111110111100011010
000001101001101001
000000101111010000
000011011100011110
L
000000000000000000
111101010010110010
111110001101001010
111011011111111100
111111101110010000
111101000001000010
111101111011011011
111011001110001100
000001010101010101
111110101000000111
111111100010100000
111100110101010001
000001000011100110
111110010110010111
111111010000110000
111100100011100010
L
000000000000000000
111101100000010111
111101001011110111
111010101100001101
111101110100000100
111011010100011011
111010111111111011
111000100000010010
111111001011011101
111100101011110100
111100010111010100
111001110111101010
111100111111100001
111010011111111000
111010001011011000
110111101011101111
L
000000000000000000
000010011111101001
000010110100001001
000101010011110011
000010001011111100
000100101011100101
000101000000000101
000111011111101110
000000110100100011
000011010100001100
000011101000101100
000110001000010110
000011000000011111
000101100000001000
000101110100101000
001000010100010001
