000000000000000000
000010011111101001
000000010001110000
000010110001011001
111101110100000100
000000010011101110
111110000101110100
000000100101011101
111101010010110010
111111110010011011
111101100100100001
000000000100001010
111011000110110110
111101100110011111
111011011000100110
111101111000001111
L
000000000000000000
111101100000010111
111111101110010000
111101001110100111
000010001011111100
111111101100010010
000001111010001100
111111011010100011
000010101101001110
000000001101100101
000010011011011111
111111111011110110
000100111001001010
000010011001100001
000100100111011010
000010000111110001
L
000000000000000000
111111001011011101
000001110010110110
000000111110010011
000010110100001001
000001111111100110
000100100110111111
000011110010011100
000001010101010101
000000100000110010
000011001000001011
000010010011101000
000100001001011111
000011010100111100
000101111100010100
000101000111110001
L
000000000000000000
000000110100100011
111110001101001010
111111000001101101
111101001011110111
111110000000011010
111011011001000001
111100001101100100
111110101010101011
111111011111001110
111100110111110101
111101101100011000
111011110110100001
111100101011000100
111010000011101100
111010111000001111
