000000000000000000
000001110010110110
111101100000010111
111111010011001100
111111001011011101
000000111110010011
111100101011110100
111110011110101001
000010110100001001
000100100110111111
000000010100100000
000010000111010110
000001111111100110
000011110010011100
111111011111111101
000001010010110011
L
000000000000000000
111110001101001010
000010011111101001
000000101100110100
000000110100100011
111111000001101101
000011010100001100
000001100001010111
111101001011110111
111011011001000001
111111101011100000
111101111000101010
111110000000011010
111100001101100100
000000100000000011
111110101101001101
L
000000000000000000
111111101110010000
111101010010110010
111101000001000010
000001010101010101
000001000011100110
111110101000000111
111110010110010111
000010001011111100
000001111010001100
111111011110101101
111111001100111110
000011100001010001
000011001111100001
000000110100000010
000000100010010011
L
000000000000000000
000000010001110000
000010101101001110
000010111110111110
111110101010101011
111110111100011010
000001010111111001
000001101001101001
111101110100000100
111110000101110100
000000100001010011
000000110011000010
111100011110101111
111100110000011111
111111001011111110
111111011101101101
