000000000000000000
000010010110100001
111111011100101100
000001110011001101
111101001110011101
111111100100111110
111100101011001001
111111000001101010
111110011011011100
000000110001111100
111101111000000111
000000001110101000
111011101001111001
111110000000011010
111011000110100101
111101011101000110
L
000000000000000000
111101101001011111
000000100011010100
111110001100110011
000010110001100011
000000011011000010
000011010100110111
000000111110010110
000001100100100100
111111001110000100
000010000111111001
111111110001011000
000100010110000111
000001111111100110
000100111001011011
000010100010111010
L
000000000000000000
000001100100100100
000010110001100011
000100010110000111
000000100011010100
000010000111111001
000011010100110111
000100111001011011
111101101001011111
111111001110000100
000000011011000010
000001111111100110
111110001100110011
111111110001011000
000000111110010110
000010100010111010
L
000000000000000000
111110011011011100
111101001110011101
111011101001111001
111111011100101100
111101111000000111
111100101011001001
111011000110100101
000010010110100001
000000110001111100
111111100100111110
111110000000011010
000001110011001101
000000001110101000
111111000001101010
111101011101000110
