000000000000000000
000001100100100100
111101001110011101
111110110011000010
000000100011010100
000010000111111001
111101110001110010
111111010110010110
000010010110100001
000011111011000101
111111100100111110
000001001001100011
000010111001110101
000100011110011001
000000001000010010
000001101100110111
L
000000000000000000
111110011011011100
000010110001100011
000001001100111110
111111011100101100
111101111000000111
000010001110001110
000000101001101010
111101101001011111
111100000100111011
000000011011000010
111110110110011101
111101000110001011
111011100001100111
111111110111101110
111110010011001001
L
000000000000000000
111101101001011111
111111011100101100
111101000110001011
000010110001100011
000000011011000010
000010001110001110
111111110111101110
111110011011011100
111100000100111011
111101111000000111
111011100001100111
000001001100111110
111110110110011101
000000101001101010
111110010011001001
L
000000000000000000
000010010110100001
000000100011010100
000010111001110101
111101001110011101
111111100100111110
111101110001110010
000000001000010010
000001100100100100
000011111011000101
000010000111111001
000100011110011001
111110110011000010
000001001001100011
111111010110010110
000001101100110111
