000000000000000000
000010001011111100
111110101010101011
000000110110100110
111101010010110010
111111011110101101
111011111101011100
111110001001011000
000000010001110000
000010011101101011
111110111100011010
000001001000010110
111101100100100001
111111110000011101
111100001111001100
111110011011000111
L
000000000000000000
111101110100000100
000001010101010101
111111001001011010
000010101101001110
000000100001010011
000100000010100100
000001110110101000
111111101110010000
111101100010010101
000001000011100110
111110110111101010
000010011011011111
000000001111100011
000011110000110100
000001100100111001
L
000000000000000000
000010110100001001
000000110100100011
000011101000101100
111101100000010111
000000010100100000
111110010100111010
000001001001000011
111110001101001010
000001000001010100
111111000001101101
000001110101110111
111011101101100001
111110100001101011
111100100010000100
111111010110001110
L
000000000000000000
111101001011110111
111111001011011101
111100010111010100
000010011111101001
111111101011100000
000001101011000110
111110110110111101
000001110010110110
111110111110101100
000000111110010011
111110001010001001
000100010010011111
000001011110010101
000011011101111100
000000101001110010
