000000000000000000
000001100001111110
111100010011011111
111101110101011101
000011101100100001
000101001110011111
000000000000000000
000001100001111110
111110011110000010
000000000000000000
111010110001100001
111100010011011111
000010001010100011
000011101100100001
111110011110000010
000000000000000000
L
000000000000000000
111110011110000010
000011101100100001
000010001010100011
111100010011011111
111010110001100001
000000000000000000
111110011110000010
000001100001111110
000000000000000000
000101001110011111
000011101100100001
111101110101011101
111100010011011111
000001100001111110
000000000000000000
