000000000000000000
000011101100100001
000001100001111110
000101001110011111
111110011110000010
000010001010100011
000000000000000000
000011101100100001
111100010011011111
000000000000000000
111101110101011101
000001100001111110
111010110001100001
111110011110000010
111100010011011111
000000000000000000
L
000000000000000000
111100010011011111
111110011110000010
111010110001100001
000001100001111110
111101110101011101
000000000000000000
111100010011011111
000011101100100001
000000000000000000
000010001010100011
111110011110000010
000101001110011111
000001100001111110
000011101100100001
000000000000000000
