000000000000000000
000010110101000001
111101001010111111
000000000000000000
111101001010111111
000000000000000000
111010010101111110
111101001010111111
000010110101000001
000101101010000010
000000000000000000
000010110101000001
000000000000000000
000010110101000001
111101001010111111
000000000000000000
L
000000000000000000
111101001010111111
000010110101000001
000000000000000000
000010110101000001
000000000000000000
000101101010000010
000010110101000001
111101001010111111
111010010101111110
000000000000000000
111101001010111111
000000000000000000
111101001010111111
000010110101000001
000000000000000000
