000000000000000000
000010000000000000
111110000000000000
000000000000000000
111110000000000000
000000000000000000
111100000000000000
111110000000000000
000010000000000000
000100000000000000
000000000000000000
000010000000000000
000000000000000000
000010000000000000
111110000000000000
000000000000000000
L
000000000000000000
111110000000000000
000010000000000000
000000000000000000
000010000000000000
000000000000000000
000100000000000000
000010000000000000
111110000000000000
111100000000000000
000000000000000000
111110000000000000
000000000000000000
111110000000000000
000010000000000000
000000000000000000
L
000000000000000000
000010000000000000
111110000000000000
000000000000000000
111110000000000000
000000000000000000
111100000000000000
111110000000000000
000010000000000000
000100000000000000
000000000000000000
000010000000000000
000000000000000000
000010000000000000
111110000000000000
000000000000000000
L
000000000000000000
111110000000000000
000010000000000000
000000000000000000
000010000000000000
000000000000000000
000100000000000000
000010000000000000
111110000000000000
111100000000000000
000000000000000000
111110000000000000
000000000000000000
111110000000000000
000010000000000000
000000000000000000
