000000000000000000
000010110101000001
000010110101000001
000101101010000010
000010110101000001
000101101010000010
000101101010000010
001000011111000100
000010110101000001
000101101010000010
000101101010000010
001000011111000100
000101101010000010
001000011111000100
001000011111000100
001011010100000101
L
000000000000000000
111101001010111111
111101001010111111
111010010101111110
111101001010111111
111010010101111110
111010010101111110
110111100000111100
111101001010111111
111010010101111110
111010010101111110
110111100000111100
111010010101111110
110111100000111100
110111100000111100
110100101011111011
