000000000000000000
000010110100001001
000010101101001110
000101100001011000
000010011111101001
000101010011110011
000101001100111000
001000000001000001
000010001011111100
000101000000000101
000100111001001010
000111101101010011
000100101011100101
000111011111101110
000111011000110011
001010001100111101
L
000000000000000000
111101001011110111
111101010010110010
111010011110101000
111101100000010111
111010101100001101
111010110011001000
110111111110111111
111101110100000100
111010111111111011
111011000110110110
111000010010101101
111011010100011011
111000100000010010
111000100111001101
110101110011000011
L
000000000000000000
000001110010110110
000001010101010101
000011001000001011
000000110100100011
000010100111011001
000010001001111000
000011111100101110
000000010001110000
000010000100100101
000001100111000101
000011011001111010
000001000110010011
000010111001001000
000010011011101000
000100001110011101
L
000000000000000000
111110001101001010
111110101010101011
111100110111110101
111111001011011101
111101011000100111
111101110110001000
111100000011010010
111111101110010000
111101111011011011
111110011000111011
111100100110000110
111110111001101101
111101000110111000
111101100100011000
111011110001100011
