000000000000000000
000010000000000000
000010000000000000
000100000000000000
000010000000000000
000100000000000000
000100000000000000
000110000000000000
000010000000000000
000100000000000000
000100000000000000
000110000000000000
000100000000000000
000110000000000000
000110000000000000
001000000000000000
L
000000000000000000
111110000000000000
111110000000000000
111100000000000000
111110000000000000
111100000000000000
111100000000000000
111010000000000000
111110000000000000
111100000000000000
111100000000000000
111010000000000000
111100000000000000
111010000000000000
111010000000000000
111000000000000000
L
000000000000000000
000010000000000000
000010000000000000
000100000000000000
000010000000000000
000100000000000000
000100000000000000
000110000000000000
000010000000000000
000100000000000000
000100000000000000
000110000000000000
000100000000000000
000110000000000000
000110000000000000
001000000000000000
L
000000000000000000
111110000000000000
111110000000000000
111100000000000000
111110000000000000
111100000000000000
111100000000000000
111010000000000000
111110000000000000
111100000000000000
111100000000000000
111010000000000000
111100000000000000
111010000000000000
111010000000000000
111000000000000000
