000000000000000000
000000110001111100
111101110001110010
111110100011101110
000011010100110111
000100000110110011
000001000110101000
000001111000100101
111100000100111011
111100110110110111
111001110110101100
111010101000101001
111111011001110010
000000001011101110
111101001011100011
111101111101100000
L
000000000000000000
111111001110000100
000010001110001110
000001011100010010
111100101011001001
111011111001001101
111110111001011000
111110000111011011
000011111011000101
000011001001001001
000110001001010100
000101010111010111
000000100110001110
111111110100010010
000010110100011101
000010000010100000
