000000000000000000
000010001110001110
111100000100111011
111110010011001001
000000110001111100
000011000000001011
111100110110110111
111111000101000110
000011010100110111
000101100011000101
111111011001110010
000001101000000000
000100000110110011
000110010101000010
000000001011101110
000010011001111100
L
000000000000000000
111101110001110010
000011111011000101
000001101100110111
111111001110000100
111100111111110101
000011001001001001
000000111010111010
111100101011001001
111010011100111011
000000100110001110
111110011000000000
111011111001001101
111001101010111110
111111110100010010
111101100110000100
